1391428429803933703
1391428339395596295
1391428202535530497
1391428191278010368
1391427938717999108
1391427650107883521
1391175363057815554
1391427587176554496
1391427453990625280
1391427426799034370
1391427134195908610
1391426762609942529
1391426148677074948
1391425807990489101
1391425724184137739
1391425244913623044
1391424809255514116
1391424153681604609
1391146865278832641
1391424081178812425
1391423423344267264
1391422916739403778
1391422904164921344
1391422640158646275
1391422493966192642
1391387324748111873
1391217688609951744
1391108306584973317
1391143947163127814
1391411127591055364
1391421682682900481
1391417566799802369
1391421613703319558
1391419763998568455
1391401232976125952
1391419580778643460
1391382889531465728
1391417716561620993
1391417643555385351
1391417548688830470
1391416075309486083
1391416039292997639
1391414966427783176
1391414601766551561
1391413606462345218
1391413226298953728
1391147645205286914
1391412552777703429
1391412542476587014
1391412497257803778
1391412127835987968
1391412112048762883
1391412090225692680
1391411187796086787
1391411622351151105
1391411542793625601
1391409377454792705
1391409312904458241
1391409265269686278
1391409001385140231
1391407985520427009
1391401751262158849
1391408596970131462
1391097453248610305
1391408278861750276
1391408081444159493
1391408008781996037
1391407645505040384
1391407394484334597
1391406498417348614
1391389617371316236
1391406290543415298
1391093711350624256
1391405637653958657
1391405063348752385
1391404389458317316
1391097376287322113
1391403591634546688
1391403422415421441
1391402389123616776
1391175370091634689
1391401953041715207
1391401767317934090
1391401765959094273
1391401574065483776
1391401557623721985
1391401293109993472
1391400822630715396
1391400476562886659
1391399968292831236
1391399894401830916
1391399850428846087
1391399112151638023
1391399101951102982
1391398743723986947
1391398709926277120
1391116075539046402
1391398058773073924
1391397849015984130
1391397202568876033
1391396737101750277
1391396462584635392
1391396126985760770
1391394501361549317
1391394451365507073
1391393334292275203
1391392401906937856
1391392264841269256
1391227780080312320
1391391448013103104
1391363865011789828
1391390821505716227
1391115483278155779
1391389734614745097
1391389366606471169
1391389347883196417
1391388863508094977
1391388745157447684
1391388424117043201
1391119116640137223
1391387665925296135
1391283844272332806
1391387354145951748
1391385791293624325
1391104694404096006
1391385771698016258
1391384942362386433
1391384767342465031
1391384696978907138
1391384650652823555
1391384642117423109
1391227688724148225
1391383829055746050
1391383616140320769
1391383403472228354
1391383279165747201
1391383068783546375
1391382516691505153
1391382488375779328
1391381240729808897
1391381029542371332
1391380448106975236
1391380650675036163
1391380539228123136
1391378803780423686
1391379374767853569
1391379210032320516
1391378980633288705
1391363824893190154
1391374732000436229
1391353728628928513
1391353473917231105
1391170839664635904
1391373373280821248
1391371926589816832
1391371776945541121
1391369324942737408
1391099049328234502
1391368722317729795
1391367950804848643
1391366182658248704
1391365199609974784
1391360080881274882
1391359658842107907
1391359002508988421
1391358029430497283
1391357961952432129
1391357321385844737
1391356249334239233
1391349075778457600
1391352382651576322
1391346882841042947
1391338953295400962
1391341438504476675
1391340958608932865
1391209741217673216
1391091735833595907
1391336516195176450
1391336030641475586
1391326200220590081
1391324664069332995
1391320402723581952
1391319698726400000
1391147050893418496
1391191824203620352
1391312876447494146
1391312006532288520
1391311049715036163
1391300811372826627
1391145381510225928
1391287241826316288
1391285575429328896
1391284361715011588
1391283768598614016
1391278801158647811
1391267137994493953
1391256256657166341
1391266382034178049
1391265963488817154
1391264482333241344
1391219192955817986
1391261173207740425
1391257970860773378
1391255037641469956
1391251657477001220
1391251373027627010
1391251287128293382
1391250308475625489
1391175023080230916
1391247152438030336
1391244652959907840
1391244618604367872
1391244211408842763
1391242955520884738
1391242213271736324
1391240494982828032
1391240349411160065
1391198615973072896
1391240103251660804
1391239898766716928
1391237259970633730
1391237089094782977
1391234294757089282
1391234627478642691
1391233604450234371
1391233353387593734
1391232346175717381
1391232160993103872
1391231922148454400
1391231920646889475
1391230835668525057
1391230379114307585
1391229865941143555
1391229842461495296
1391229556846125060
1391229529620992001
1391228956775526403
1391228460513873921
1391227450525372421
1391224079127093249
1391223115104071680
1391222586034507780
1391222545366589440
1391221552193150978
1391222161961103372
1391221414255120385
1391170631866241025
1391221147233042435
1391220708689289220
1391220198628265986
1391219823925989382
1391219425370574850
1391219350720458755
1391219269577416706
1391219009643810816
1391218731993423874
1391218649227309056
1391218013144240130
1391217822676799489
1391217803647197189
1391216171635122176
1391213858463928323
1391213792361689088
1391213183470350337
1391212959179943938
1391212506484514821
1391187738704203776
1391212093026750465
1391180084434935814
1391191808605097984
1391188401328726016
1391180450685767681
1391211116345405444
1391211091405987841
1391210755610009604
1391210439766380548
1391210317053636614
1391210069707182092
1391105548825804809
1391209497205555204
1391100440931180544
1391188165923418112
1391209035777576960
1391207808411054082
1391206394100133888
1391206388160942081
1391203794436907010
1391205015721857027
1391172829920509954
1391204146548822018
1391203692733517824
1391203477691502592
1391125364542431240
1391201178155892738
1391173698476863489
1391200917538541570
1391146492065312770
1391119262903783425
1391092035075989505
1391199846091169801
1391199779795918850
1391198496984903683
1391198082390544388
1391197721814609935
1391197663568318464
1391197456784834560
1391161345362497538
1391197157932347396
1391195809019011074
1391195598137798657
1391195551052533770
1391134000727609344
1391193643973763080
1391193124224053251
1391192909182033921
1391192144598142976
1391191748299399174
1391191060186009600
1391190848436674564
1391190729318404099
1391190692446224386
1391190254112190468
1391189858983419905
1391188964632154113
1391188659119005701
1391188534032310272
1391188455493885958
1391188407204864000
1391187875169984519
1391187839535271939
1391187727895433222
1391187428124381184
1391178586971938816
1391156958791716871
1391187120027578371
1391177665378406402
1391178122612154374
1391186313303498752
1391185938731212800
1391185474493075461
1391184176624328705
1391183656723566592
1391183201486491655
1391181052123746318
1391180708081721344
1391180679925350401
1391180613139501062
1391179963215327233
1391179162313019396
1391179092523900931
1391178869689004036
1391178806883504131
1391177933209980934
1391177562953592833
1391176889440641035
1391176605171658756
1391176403069067267
1391175781506748418
1391174941240963087
1391174933636653056
1391174910848946176
1391101645757550592
1391173875057274886
1391173573117628416
1391173414572986372
1391173352811810816
1391173134540214275
1391172656104357890
1391131956662964226
1391172584063086595
1391172373697728513
1391171194120859649
1391170727253090304
1391170281667022848
1391169264564985856
1391168570390978565
1391168556382015490
1391168108174393346
1391167692128890880
1391167483994910728
1391166343412649988
1391166344922550275
1391167224291938304
1391166345987903490
1391166588133548037
1391165472872321026
1391165440370618373
1391165371256909833
1391165336402239489
1391165303896297472
1391164821379420165
1391164683206418432
1391163749722112000
1391163660987469826
1391158325199388672
1391163307655143425
1391163214142926848
1391163204022177795
1391162666094264320
1391161933588467714
1391161736888262659
1391161328648269828
1391160809485651972
1391160863793483778
1391160735368101894
1391160524117889028
1391160150283665410
1391159681784107011
1391159363663015942
1391158274423144462
1391157609936326660
1391157006287900677
1391156251644604425
1391156236284989449
1391156142571671560
1391155304935706628
1391155134332239872
1391155133120192513
1391155122269470721
1391154018169331715
1391152842128384002
1391153037398495238
1391152821094035458
1391099264529584136
1391152660246577158
1391152059693547520
1391150554676613123
1391150291136000002
1391094873944625155
1391150053398614016
1391149920216928259
1391148812299800579
1391149613780975620
1391149183021854721
1391149184737292289
1391149192765116430
1391148997704884225
1391148083304673291
1391148032805294083
1391148024508866569
1391147885828399107
1391146535761547266
1391146384355696641
1391146304718266369
1391145603598594056
1391144808387915778
1391143817122775040
1391142638032756736
1391142103544127494
1391141811477942273
1391141381494640641
1391141024085512200
1391141012148527108
1391140994255572993
1391140818350743557
1391140701585383424
1391140371447484419
1391140282222235652
1391139904277532672
1391139838640992259
1391104070329454593
1391139013478821888
1391138987817852932
1391137757892841474
1391137485854584837
1391137272528003078
1391135253280923650
1391134480090288130
1391134080784273414
1391133464137711622
1391133425344516097
1391133132628312065
1391132909709447172
1391132424646574082
1391132254399725572
1391132163903574020
1391131808125816836
1391130428531253250
1391130069502935040
1391130419765161984
1391129910534565889
1391129713343614979
1391129344827740169
1391129281439350784
1391121933144559616
1391128049819607043
1391127325849395204
1391127249714298880
1391126051410034691
1391125689223372802
1391125432465076226
1391125429222793224
1391125261274464265
1391125085260558342
1391124862509400069
1391124644028198914
1391124512213803015
1391124483054899202
1391124234039083018
1391123876990570498
1391121956464783361
1391101792163811332
1391121511415693318
1391121359070244865
1391121244599300097
1391106557652385792
1391120135591710728
1391120124124569602
1391120000266776576
1391119699916857355
1391119292134051842
1391119132599357441
1391119084251660292
1391117855211544581
1391117568505696259
1391116731054272521
1391115860584976384
1391115050618851333
1391114603283820548
1391099265938870273
1391111735793360897
1391114159325171712
1391113086438887429
1391112991811284993
1391112483453214720
1391112376615936001
1391111466938290186
1391111221076758531
1391110561665064966
1391109731113185289
1391109142232903681
1391109134850793473
1391108902524112896
1391108869062004745
1391108563288870913
1391108209591586819
1391108043866316801
1391107938022998016
1391107902270844931
1391107786256302086
1391107427123318788
1391107379320721411
1391106891271401472
1391106715140169728
1391105561786261506
1391105465787035654
1391105386791460871
1391104941742166021
1391104004487327746
1391103438054903808
1391103575015690240
1391103397252698113
1391103066200498181
1391102749765419008
1391102304573661195
1391102188114612228
1391102075065585665
1391101768365273088
1391101518733053956
1391101282497306630
1391100703213461507
1391100352011833352
1391100314615484420
1391100230100262913
1391098449513394179
1391097877364105218
1391096470271512577
1391095922000646145
1391094896321306627
1391094863672848386
1391094410402803712
1391094323949735939
1391094098795405314
1391093990666166272
1391092958032764929
1391092749508689923
1391092215045365761
1391091960191062018
1391091659945951232
1391091502781186054
1391091464315285509
1391090782455619586
1391090756576845826
1391090334344654848
1391089974750101506
1391088607956508676
1391089333730529283
1391089954122608652
1391089845724979203
1391089330693758981
1391089168210612224
1391089317582344196
1391089273680502787
1391089060412862466
1391088059794567172
1391087761743044615
1391087699717771264
1391087463318315012
1391087149693427712
1390906333105324035
1390951246119403522
1391086635798851584
1390906327640072192
1391086638697107458
1391086496820703232
1391086415824424960
1391086168154968067
1391085699307241477
1391085269852504068
1391085665966829571
1391084975076921346
1391084459735277570
1391083783118491650
1391083530327707648
1391083093302419464
1391082998376828934
1391082316949241865
1391082295541608452
1391082289556246532
1391082137307262976
1391081958311137281
1391081658913337344
1391081634481332225
1391081631511977988
1390857923140767750
1391081366675206148
1391081120620548097
1391080897252839426
1391043259867222018
1391080539004841989
1391079664857276418
1390990175115915266
1391079583395557377
1391079330051198980
1391079014530420738
1391078950424784903
1391078807411507206
1391078655430901767
1391078314190667779
1391078203654082565
1391078142282960903
1390837595307921413
1390886487609204736
1391028197458857984
1391077693878378500
1391076889259921415
1391076427257233408
1391076182272118793
1391075921084522496
1391075662316769280
1391075617186197506
1391075207058759683
1391074764106747905
1391074569478451200
1391074179772989440
1391073946582278147
1391073809529196545
1391073211287314435
1391071866715000835
1391071833831747586
1391071455928934403
1391071247748894725
1391054305810161665
1391071232662118400
1391071230053261313
1391071144573349889
1391070384519270405
1391070296698916867
1391069047064760322
1391068053568434177
1391067931971305474
1391067655273123841
1391067636608475137
1391067572792139783
1391067545038426122
1391067442173161478
1391067308446081031
1391066774049890307
1390999044982456320
1391032429008326657
1391066787844866053
1391066759827005446
1391066516599283717
1391066447170969601
1391066353923198976
1391065472444084224
1391065159414820873
1391064950773321732
1391064862076383240
1391064839469113347
1390838111509237760
1390955896075800579
1390983137828605957
1391037588559994882
1391064808078733312
1391064787765784581
1391064559620968453
1391064517031854080
1391064441295413251
1391064284738822155
1391063688044498947
1391063669677514752
1391063417818058758
1391063110061076482
1391062983267266562
1391062667020877828
1391062597298966533
1391062407775244291
1391062242666364928
1391062164333633538
1391061950579216391
1391061866567327746
1391060822605148160
1391024415912173569
1391060796164255746
1391060780221562880
1391060766170701825
1391060423882022919
1391060314154745857
1391060263990874112
1391060213118246915
1391060136899223554
1391059865422938116
1391059758828986374
1391059528754606082
1390830781338112003
1391059347522924551
1391059037786083329
1391058861289885696
1391058624064245760
1391058044688154630
1391056884191408130
1391056698136309768
1391056692260003845
1391056686144688128
1391056684227956740
1391056543546753028
1391055692484816898
1391056485111812101
1391056470180044804
1391056218979016704
1391054523087695872
1390974703599296513
1391056201799045121
1391055830942892039
1390883504788021249
1391055677221588996
1391055291400208389
1391055214115840002
1391055179957653504
1391055138169757696
1391054883948834820
1391054629144862724
1391054556176560129
1391054415264616451
1391054118521802752
1391003500629405698
1391053740346646530
1391053647660863493
1391052560715423744
1391052406109229057
1391052377512349697
1391052211103444994
1391044347508973569
1391051987085664261
1391051220199092234
1391050916284014598
1391050910726557704
1391050896944078852
1391050593318301696
1391033892459610121
1391050296403664897
1391045376120078337
1391038755138637828
1391050163733549057
1391050148260765700
1391049413871742976
1391049265145913347
1391049162037268480
1391049029367345154
1391048754321674240
1391048663481438219
1391048437777408005
1391048090753323013
1391048036441276416
1391047489906749442
1391047334814011394
1391047296796741634
1391047279662993418
1391046658264289291
1391046420602499072
1391046204239269888
1391045300152946695
1391045076671926274
1391045047198621696
1391044659003199490
1391043957669384194
1391043609890377728
1391043460732424195
1391043348295651329
1391043182868279299
1391043119853064197
1391043091214213124
1391042859135033353
1391042224561983490
1391042146543804422
1391042046522187778
1391041807170035714
1391041785485570048
1391041672688046092
1391041377727823875
1391041304923197448
1391041224228982785
1391041173259751424
1391041073171124225
1391040653740503045
1391040632945250314
1391040354116423685
1391039895896936454
1391039666007252999
1391039347181432835
1391039178960478209
1391038634392842241
1391038272940429314
1391038105596186624
1391037608155828232
1391037473120206849
1391037391029342211
1391036987315036167
1391036964766326788
1391036735921000452
1391036261616521227
1391035957886001152
1391035888956739584
1391035874855510019
1391035816391106566
1390839789172187137
1391035758421630978
1391035088121573377
1391034979946205186
1391034977513398274
1391034945930502146
1391034384887783426
1391032767203446784
1391032660848488451
1391032574709993477
1391032524554506241
1391032487174868992
1391031613484453891
1391031486481149956
1391031080766119940
1391031057349292037
1391031042556022785
1391030785344430080
1391030245470441473
1391029925336035330
1391029849448488966
1391028894292185091
1391028759030075402
1391027932437549056
1391027929304424448
1391027430928916481
1391027218399248388
1391026828693942276
1391026655607541763
1391026000268566529
1391025852855558148
1390979145245601795
1391025436189147137
1391024688147599362
1391024064005910529
1391023878441521153
1391023812955738116
1391023692616974336
1391023557283614722
1391023278706368512
1391023173605466115
1391023007842308098
1391022480349974539
1391022364440375298
1391021849933451268
1391021752621412352
1391021744165724161
1391021490687156230
1391021483011543041
1391020920802787330
1391020660999196674
1391020611108020227
1391020588249010176
1391020421001228290
1391019688319012871
1391019598384861190
1391019437344575489
1391018167837892610
1391018027630702595
1391017903248576517
1391016852105662466
1391016512325042179
1391016229289271297
1391011581929181184
1391015018653683712
1391014991042646021
1391014918833545226
1390817534866337797
1391013879858307072
1391013861046771718
1391013482292723718
1391013133544837128
1391011100225908740
1391010284001808385
1391012907815776259
1391012075741327360
1391012044971855873
1391011798392975365
1391011599297699843
1390949631480242176
1391011285525991426
1391010824735625216
1391010696025055235
1391010140741148672
1391009578754744323
1391009222725406722
1391008949604917250
1391008371608784897
1391007447482085377
1391007423654252545
1391007411285155840
1390983182019874817
1391007372575969280
1391007222914850822
1391007063963316226
1391006186229616643
1391005114329190402
1390993782984826880
1391004232862601217
1391003624902377475
1391002881445277697
1391002483695173632
1390977187923234819
1390897510563164160
1391002167809560577
1391000400791212043
1391000310131404808
1390999655018811395
1390999023876722688
1390998594526892033
1390998349600411648
1390998157211934723
1390995570135867394
1390996872597278725
1390996773817274370
1390996550403362817
1390823773864140801
1390996015147327490
1390996219816824838
1390995409800208384
1390995031423602689
1390993967341318144
1390995026000420866
1390994770860945413
1390993467510251521
1390992568842850304
1390992185345073152
1390992108203528194
1390991955467849732
1390984347549937664
1390989337995718661
1390989326817824768
1390989093560102912
1390987826972528640
1390987711360741377
1390986242511314945
1390986188752707590
1390985897680777218
1390985900658774018
1390983956464549888
1390983275749982214
1390982579415928834
1390980679169675267
1390980404190924802
1390980399971586052
1390980349669281796
1390980095326756864
1390979556459401223
1390977243812352002
1390976014516424713
1390975347672375298
1390975000228757506
1390974802664558592
1390973852851843072
1390972268499587073
1390962644572639232
1390965275839942656
1390959161236758529
1390957413088604160
1390958820717957122
1390818638488293379
1390958642250371072
1390955236051857414
1390947585913987072
1390950026143277057
1390947975342530562
1390939562889949186
1390936865000366081
1390936379220283394
1390935663529414658
1390933826990379008
1390928536526065664
1390925581425029120
1390923688602701829
1390923106294898689
1390916596437299207
1390920287965831169
1390903254800900097
1390918764900802560
1390916073822826498
1390915304042151938
1390915361986555906
1390915261784641536
1390915393208913922
1390915207170506753
1390915486058221568
1390915426591334401
1390912458831941644
1390911219066884099
1390909800154861568
1390907165116936194
1390905399692378114
1390908947637342208
1390904079220609025
1390901447940771840
1390908287848259585
1390906115840483329
1390901924942290945
1390901203484217346
1390899498004750336
1390899136782872576
1390897558294310919
1390868058768613376
1390897105401745416
1390896849201115143
1390894142226636800
1390852621989294086
1390891960462946310
1390888686695370752
1390887517990305793
1390887471546871809
1390886045802287108
1390887250473410564
1390883503970074626
1390882100346228736
1390881822767210498
1390879956134244356
1390879270403284992
1390878812653735936
1390878726108426240
1390878560634785799
1390878121667268609
1390878045662326785
1390876145869066242
1390875111561916420
1390874529405280257
1390872734448689155
1390872709484228612
1390872316020760578
1390872151952142336
1390871441663569924
1390869266535272449
1390870493805301763
1390869894175002629
1390869765581905922
1390869127603105795
1390843215260041217
1390869007662829571
1390868093858193409
1390866620042518531
1390866309768941572
1390866246544068610
1390865018162401288
1390863709967425538
1390863687049781250
1390863428978348032
1390863243820814337
1390862460257714179
1390861800032382976
1390861213442187264
1390859398822645762
1390858932772540416
1390858928729247745
1390858808826683394
1390858516626345988
1390858076555776001
1390856826263068673
1390855659000848384
1390855628210556929
1390855007889760258
1390854920874729473
1390853981790949376
1390853974320951298
1390853622427181067
1390853039540539394
1390852301280223233
1390852926768390144
1390852018844147718
1390851403569147911
1390851143077662722
1390850729590591491
1390850210046357506
1390850290539237376
1390850152550785028
1390849830482763778
1390849246010781698
1390849073775882240
1390848069831364609
1390848627711651841
1390848518215110658
1390847855628275718
1390847566938574856
1390845127099396103
1390844749209378817
1390844617927630848
1390844247365009416
1390843049958379522
1390842981029138433
1390842527553568774
1390842478060781568
1390840570629795844
1390840470960492545
1390839913894010880
1390825970999959553
1390839849662533632
1390839818490466307
1390839366629658624
1390839003407134721
1390838436173598720
1390838087312461827
1390837387404718086
1390837366626078720
1390836057260896262
1390835785956564994
1390832815852466179
1390835730142965760
1390834251814342659
1390833881310453760
1390812256804474880
1390818160358666243
1390821571347075073
1390833838524444675
1390832700353822720
1390831327684009986
1390831027652894726
1390830228713394180
1390830213475577856
1390829961263685637
1390828400634441728
1390828131251073032
1390826925355151391
1390826452568866817
1390826128848400386
1390825541637492739
1390825076661051403
1390824884792709122
1390824612716498954
1390824078228000768
1390824040135372802
1390823872954576900
1390822845194903558
1390822799237861376
1390822332227276801
1390822316981067786
1390821181285179392
1390820980780638218
1390820855383527424
1390820669701697541
1390820485286572040
1390820340658581508
1390820035074088964
1390819575235858439
1390819311883784197
1390818892671602689
1390818776908713985
1390818697888112641
1390818582209105921
1390817603044659203
1390817594576416768
1390817321434943489
1390816410587209728
1390815977856765957
1390815688726548481
1390815619298349058
1390815495079796737
1390815495050481665
1390815105940590599
1390815085795364866
1390814470050619395
1390813826992508932
1390813534783684620
1390813119618899970
1390813089164140546
1390813006599184394
1390812786717077507
1390812464330248196
1390812081985925128
1390811749209808905
1390811552492752896
1390810748360736772
1390810579376427011
1390810401466720260
1390810121886961667
1390809916655509504
1390809584407826436
1390809322393907204
1390798657746784259
1390774241117810695
1390809131481763846
1390809030067724293
1390808909896683526
1390807762704257024
1390807173224181760
1390807108564750338
1390806808684601344
1390806501141450752
1390805938010009602
1390805864055984137
1390803616634753024
1390804093942353924
1390804918160826378
1390805220725231618
1390804647703683074
1390804841555976194
1390804808622301184
1390803943790366721
1390706988401709059
1390803600276967425
1390802924520067073
1390692089118269443
1390802696177864715
1390802202772582404
1390801772394995714
1390801524343902209
1390801385118212099
1390801303106904067
1390801124999970816
1390800243655024643
1390799347059765256
1390799182580039680
1390798390557089792
1390798376204185608
1390798190543310849
1390797960531881985
1390797898657509378
1390797505705635843
1390797292081401862
1390797235005296640
1390797160212570127
1390796920679960576
1390796814278959110
1390796373684072449
1390796343774482434
1390795723919200260
1390795473859059718
1390795361845927944
1390795064704708610
1390795022954647552
1390795013806825475
1390737718569836550
1390794460783591425
1390793987393572867
1390794192595701769
1390793881692803075
1390792883993731078
1390793294272139270
1390792943330549761
1390792482871513089
1390791778714988549
1390784063498240002
1390791371682942982
1390791367115280385
1390791212307730433
1390789930734002182
1390789913755492360
1390789806079217678
1390722663534895104
1390756237789122560
1390789777918627845
1390788649579593731
1390788646182215682
1390788645536337921
1390788618113884165
1390736295933222915
1390736298491715584
1390736297296281602
1390788436429312006
1390788400333082625
1390788074716737537
1390787285260570627
1390787143694442497
1390787117245247488
1390786898067660804
1390786841130029059
1390719802403024900
1390786664130224128
1390786411704590338
1390786194489974784
1390786171731599363
1390786166048366596
1390785661318348801
1390785384590856192
1390785232186617862
1390784506551062533
1390784290124931076
1390784127637630984
1390784074076364807
1390784005948182528
1390783967801008133
1390783733159153668
1390702025365618689
1390729239276580865
1390783676477173761
1390783446935605248
1390765954972278785
1390782740295872513
1390782520082538496
1390781896318099456
1390781773248749573
1390781739270819840
1390781738725613570
1390781375247228932
1390780808697458692
1390780748911755264
1390780613288894466
1390696789850804227
1390780400604119040
1390771816365543429
1390778982098944002
1390778901618733062
1390776171701444610
1390778741543116809
1390778685456846851
1390774415206518786
1390778621783072768
1390778617467187204
1390778088728977412
1390777694392971264
1390697672277848066
1390777546531344385
1390777432140025866
1390777326066094081
1390777230213750788
1390776807096471553
1390776805058023428
1390776801610420227
1390776803481067522
1390776967222415369
1390776857168056328
1390776816634372097
1390776765715525643
1390776385988345857
1390775818822078470
1390775724055879687
1390775404433219584
1390765358915723266
1390775369565880323
1390774916438450178
1390774885136351236
1390774826307137542
1390774543887777799
1390774472274292736
1390774258645848064
1390766443403284489
1390773296506019853
1390773225060241418
1390693494906400768
1390773076619628553
1390693496172933133
1390693493648023558
1390772472040071172
1390772388615315460
1390772054006263808
1390771803610615812
1390771536051769345
1390771377444118528
1390720181047947264
1390737225315356679
1390771339024207876
1390703146486226944
1390771139211927559
1390756383835017216
1390770958743576582
1390770796663132167
1390770366109339653
1390769934213468162
1390769926143684612
1390768835037257728
1390768724173537283
1390768536394600452
1390768510486421506
1390768269011963905
1390768046550224899
1390767792094392321
1390717995677192193
1390701422556061700
1390767564159012864
1390767387717292040
1390767328200204299
1390767112927514626
1390692515754426369
1390766775487315969
1390766521773924353
1390765816853975040
1390765350745214981
1390765211326586881
1390765000344625163
1390764970648952842
1390764611671109638
1390764306158034946
1390762909660336128
1390763489157959683
1390763640010203136
1390763446128553994
1390762807222800388
1390762568147521538
1390762379995074561
1390728767589412866
1390762372202213381
1390762010946703364
1390761737226489859
1390761577180172290
1390761163680407552
1390760779910107137
1390760375071686659
1390760310873722884
1390759797771968520
1390759193968271363
1390758697035571204
1390758059941761026
1390757679749025800
1390757608584269830
1390757475612254216
1390756809066131462
1390756535953985543
1390756435835953152
1390756429066379265
1390756349877833736
1390756290595541001
1390741860596043780
1390756275693264906
1390755579589709829
1390755144053051393
1390754977124012032
1390754886602604546
1390754708021710848
1390754265170432000
1390754075533271041
1390754006000078849
1390753995845681157
1390753910793646087
1390753747450613760
1390753214337884167
1390752143125225490
1390752033419014149
1390751938279612419
1390751097149693955
1390751024999186440
1390751001276305414
1390750516603404293
1390750400601591815
1390750324693082115
1390750052444999682
1390750007586873350
1390749948396900352
1390749625619996676
1390749560453074950
1390749355720720387
1390749158093504513
1390748631150448640
1390748294780002306
1390748254049026052
1390748190937321479
1390748170494283776
1390748149812236291
1390747926180282383
1390740021334925317
1390747652057350154
1390747529617182720
1390747321273520130
1390747316009590784
1390747113412337664
1390746832393867267
1390746753796911107
1390746335729659906
1390746041180463106
1390745724405653506
1390745513750896642
1390743201745621002
1390745369638752257
1390745185395556357
1390745013341073409
1390743128852897806
1390743102650978306
1390717718953963524
1390742985877475336
1390742968454287362
1390742156973907970
1390742860736118785
1390741983845568514
1390735132848492545
1390742848656576517
1390742439820922881
1390741905726713859
1390741776303067137
1390740997760487424
1390740990592385025
1390710816505155589
1390740920094629890
1390740809629290501
1390740462105989126
1390740392119840776
1390740376814772234
1390728633216651265
1390740181024743427
1390740052133752833
1390739344915304454
1390738451520278539
1390737879970848771
1390737777113792516
1390737072382697473
1390736154551635971
1390736025031430146
1390735896517959684
1390735848858079237
1390709460578996227
1390735404618366980
1390735315124490242
1390735102796341255
1390734986421092353
1390734575819628547
1390734388737028101
1390733758958030848
1390733515210346502
1390733486235869184
1390733030617194498
1390719629052551178
1390732952007544835
1390732864959000579
1390732785707540480
1390722555393286144
1390732573266096128
1390732502424297487
1390732401119309824
1390732317346390019
1390732186563850241
1390731971903565828
1390731405190213633
1390730924208312326
1390730197524168710
1390730180180815873
1390707745305681925
1390729460689866752
1390709316861104132
1390729991512633350
1390729897044287492
1390729724188676102
1390729239406780422
1390729212588433413
1390728682944221187
1390728160040394752
1390728081984434182
1390727984353628162
1390727836655304704
1390727816782745605
1390727529514811393
1390727350942420996
1390727033551036417
1390726020773425159
1390724861186691073
1390724680290603023
1390724567803510786
1390723657069121537
1390723312934862850
1390723132630126594
1390722732690706437
1390722706014834689
1390722547700883468
1390722304213229572
1390722296646668289
1390722165998333954
1390721832551133185
1390721682923458561
1390721575415173125
1390721510906662920
1390721439821705218
1390721033779531779
1390721008534007814
1390720788408438786
1390720733832261632
1390720389043662853
1390720370555097088
1390720272500772865
1390720267643768838
1390719903976546305
1390718795572940804
1390718431381442561
1390717472937029632
1390717470219063304
1390717237623992328
1390716991263199238
1390716488756219906
1390716377825226758
1390716239777996802
1390716184253792256
1390716046307438593
1390715861527371782
1390715836197916674
1390715371192258562
1390715322995560449
1390715138202816514
1390714720831909891
1390714843968282642
1390714603584299011
1390697769837334534
1390714501159264257
1390714485325848578
1390714451188408324
1390714323060891649
1390713383536693255
1390713348254228482
1390713282357497863
1390713267660668937
1390713243769970690
1390713208374235140
1390712949849743370
1390712865628295170
1390712813589499911
1390712768647532545
1390712731276304393
1390712527961612291
1390712228798685185
1390712053434880011
1390711586550075399
1390711452244353030
1390711278541410309
1390711242298470408
1390711157279842304
1390710860847501314
1390710789690912773
1390710548426379274
1390710500288258049
1390710033286144000
1390688364265971713
1390709470792228864
1390709190272880640
1390708757684920320
1390708681692520448
1390708636192845826
1390708220440813577
1390708028652113926
1390707946158493697
1390707257495654408
1390707798825111557
1390707895411478532
1390707713252933635
1390707121247883264
1390706738349936646
1390706267673538562
1390706260434096137
1390706089281392640
1390696782514987012
1390705849564377090
1390705791158525953
1390705731599491076
1390705665774080000
1390705434588323840
1390705399494553606
1390704578711195652
1390704434515103750
1390704033938264065
1390704033845944320
1390703546497224707
1390703510166122497
1390703348806991872
1390702703509217283
1390702441528709120
1390701946990907396
1390701913231007745
1390701562595614725
1390701513857712132
1390701388305403905
1390701383272255489
1390701120708874243
1390700967155351558
1390700829015896064
1390700602511044615
1390700580193153030
1390699732910096388
1390699437949849609
1390699322967220224
1390699127177101317
1390699043110727689
1390699023787495426
1390698662829899780
1390698349481897989
1390698132179140608
1390692931204390915
1390697598399434754
1390697022349524992
1390696792057069574
1390696194867875847
1390695839077740546
1390695827270688773
1390695317041860614
1390694749468823552
1390693912797487107
1390693622442508292
1390693269911134211
1390693262751641600
1390692970857472003
1390692945431601153
1390692932341178369
1390692596964540425
1390692363736166405
1390692315824627722
1390691698402025477
1390689881358225408
1390691680207126530
1390690244169814023
1390691429886930953
1390690986368634884
1390690956333260804
1390690870500933637
1390690836350971904
1390690787546046471
1390690682814091266
1390690311400198144
1390690261064376321
1390690073352491008
1390689012956991489
1390688858417729537
1390687989613871107
1390687797623861249
1390687650022051845
1390687001947553795
1390686825254117376
1390685602497056773
1390686790734995460
1390686764742893569
1390686603589345289
1390686421367894024
1390682523060031494
1390686294624325638
1390686041137418242
1390686152181620739
1390686108061741059
1390685880864714755
1390685868982161411
1390685646373761025
1390685081283465217
1390684829960843276
1390684719520616449
1390684604445741056
1390684539308154883
1390683705337909248
1390683618880655362
1390683538824048646
1390683439532232704
1390683156844515338
1390682070020726785
1390674345723367424
1390682048604561410
1390681928320393217
1390681634861580292
1390681603215659011
1390681548568113152
1390681475973099524
1390681164055199751
1390681089178484739
1390678475204403200
1390680670750580738
1390667030563631104
1390678534163685377
1390680352633638919
1390680341069930497
1390679058292297729
1390680083040460803
1390674670177775635
1390679731272626178
1390679042324582406
1390678794940338182
1390678422096130048
1390678377875615750
1390678231506997251
1390677730887442434
1390677309355708417
1390676714179731461
1390676710425874434
1390676534034419712
1390676457765183490
1390676341146767364
1390676337019457536
1390676157742424066
1390676058131812357
1390676010195197955
1390675537165701130
1390675234869612549
1390675152850112514
1390675124295176196
1390675060416000001
1390628530208264192
1390674926504497155
1390674891347841029
1390475342775611394
1390674821453783041
1390593165548081157
1390647601049964547
1390674300030574593
1390674080794353669
1390652976868515843
1390673706033156101
1390673559442296834
1390673211830964226
1390669977095708675
1390672822729646080
1390672489425084419
1390672480662999040
1390672471389523968
1390672015678492677
1390671580842319874
1390672162860769280
1390669638724427782
1390672120695435268
1390495273001132036
1390671893880000520
1390671723855482893
1390659403708309504
1390659405423722498
1390671085998415873
1390670828635713536
1390670776811073546
1390670117193883650
1390670025074302978
1390669870346481666
1390669828181184513
1390669662237700098
1390669611335573506
1390669594864541698
1390669587914579969
1390669069712494597
1390669304262242305
1390669287996723206
1390663796839096327
1390668290096123913
1390668260257931266
1390668145313079299
1390667672778678280
1390667467190677504
1390667290518118405
1390666752405671940
1390665887645159426
1390665783735369731
1390665612951760897
1390623597069324288
1390665392448843784
1390665376195829763
1390664398100860936
1390663771169951753
1390663717604503561
1390663528034537474
1390663459101057025
1390662848020320260
1390662742609104896
1390662740872728578
1390662198956019712
1390661739906228232
1390661632360161280
1390661631986831362
1390661604342128644
1390661205094715392
1390660308419682308
1390660177561587715
1390660159429660674
1390659910254448648
1390659808756383744
1390659246132445188
1390659207091785728
1390659139655831553
1390658942351683586
1390658706686291969
1390658502809489411
1390658375059394564
1390658350149423105
1390658319262666756
1390658072453033986
1390657240919691270
1390656816296697858
1390655827950903298
1390656438188576768
1390656251734994946
1390655847878078464
1390655699819106308
1390505527076167683
1390655696618893312
1390655689241108484
1390655409850097669
1390655409137070085
1390655036028563460
1390631173051731976
1390655032471736320
1390654701310447616
1390654341141368837
1390653970469826562
1390653883957989379
1390653807051386880
1390653608274898950
1390653184159387651
1390652439368552451
1390652414085279744
1390641853863796739
1390652069200252929
1390651874584444933
1390651685752774661
1390651682204307462
1390651523475165185
1390628255519186951
1390649787628797953
1390649502495920131
1390649481759186952
1390628589868142595
1390649377706942465
1390649347126214657
1390649010390814721
1390585268332343299
1390649007156957191
1390648870741413893
1390648760791875587
1390648756052312065
1390648741317783558
1390648593158078467
1390648571461046281
1390648132342624257
1390648090542198784
1390646438837772290
1390646210768351233
1390646139171610628
1390646112038658049
1390646059165224960
1390645817736933379
1390645056076500994
1390644134701064194
1390645051303280641
1390644511060238336
1390643658270117892
1390643338890694656
1390643294032498693
1390643197894963204
1390642418165420033
1390643161379262471
1390643146980159491
1390642923952168960
1390642651209162753
1390642890054021127
1390642878980952064
1390642679021817858
1390642095187185673
1390641809710370821
1390641070099341315
1390640906844446723
1390640127773483010
1390640073394229249
1390639550549090306
1390639181668524032
1390639080988360704
1390638947966111745
1390638482314473472
1390638267826065409
1390638169905901568
1390637921343057920
1390637814254034946
1390637803034316801
1390637766325723136
1390634432365744135
1390637653708713985
1390636754919731204
1390636472454295555
1390636078810423296
1390636063404797954
1390635539779424257
1390635438411558915
1390635235277168649
1390635119032078343
1390634894406131722
1390634764411883520
1390634322923823109
1390633880827408388
1390633722056167427
1390633452966490116
1390633407462395904
1390633310758621184
1390633266122829824
1390632993526534144
1390632834063273984
1390632731109908482
1390632375357431814
1390631404493414401
1390631176763740162
1390630902007541761
1390630803403591680
1390630599472427008
1390630553129349121
1390630064279195657
1390511855710490628
1390627868632305670
1390629907240206336
1390629627035541511
1390629593086836742
1390629421040742400
1390486690817626112
1390629313087737861
1390628441750482947
1390628207112622084
1390628351891681283
1390628217334210560
1390627636012101641
1390625574599774209
1390627466264330241
1390627123401003010
1390627003448107013
1390626926713266177
1390626331482894336
1390626303460655108
1390625901533143042
1390624907143303169
1390624831784239106
1390624412366426113
1390624272532623360
1390623882567208962
1390623826585718787
1390623402818424832
1390622816416980995
1390621180747558912
1390621182173536257
1390622768887128065
1390621881200480257
1390621841715351552
1390621117572861954
1390619949484462080
1390522876114124807
1390617069071306754
1390613702605524993
1390613232939945984
1390612500979372035
1390612229213638657
1390610791569793024
1390610702575013890
1390609032612913152
1390601527123906561
1390608102043570179
1390605476216418307
1390603560321175552
1390603525860777985
1390603046636433408
1390602825793691649
1390595947818856448
1390595885063680000
1390593768592756738
1390591238970163200
1390585246446493696
1390583193858985988
1390582940829032452
1390580954633314306
1390575745555128320
1390574253255405568
1390573771392651264
1390567871424643075
1390565222952411138
1390564433588596737
1390562316119326720
1390562079753621510
1390559653227110401
1390557794542182403
1390548519044399104
1390545606477713408
1390543309953699842
1390541818585096193
1390541495732744196
1390541333698392066
1390540536155623424
1390540480451125249
1390540263081271297
1390539243232141317
1390537072763678720
1390536863031627780
1390535809732841473
1390532326292180992
1390529126314938375
1390528999307218944
1390528751348457472
1390527212575727616
1390527144871223297
1390526889819836416
1390525863616200704
1390523999579516929
1390522126520750081
1390522121164578817
1390521573929537537
1390521317879959560
1390520636150358018
1390491040239476736
1390520607696162822
1390519360943497222
1390519328873844738
1390519284015771652
1390504315018694657
1390503018932617219
1390518146734432258
1390517691505643521
1390517686543716353
1390513145907646465
1390511727083769856
1390511632531574784
1390511072445177860
1390510758753046531
1390506272395513857
1390511026173628420
1390510730772877313
1390510366233407494
1390510107226787841
1390509743148572676
1390509057589583872
1390507135902142470
1390507017169735680
1390504999537496065
1390503865225781250
1390503277738008576
1390503107470061572
1390502971776118788
1390502722823245824
1390502404139982849
1390502258031349764
1390500728049897476
1390500567412350978
1390499973318459392
1390499930884689920
1390498139816161284
1390498178106068993
1390497960362926083
1390496753976287232
1390496684006907909
1390495326931456000
1390494267563515906
1390494186684682241
1390493598161031171
1390493398231093251
1390493257025589251
1390493156790181888
1390492969820688388
1390492096474218500
1390492072159944708
1390491843276722177
1390490704724598787
1390490686521229313
1390490579536990211
1390490368601362435
1390490195636719619
1390490095900401671
1390490078498148352
1390489782187446279
1390489769558347777
1390489447121268740
1390489374492700680
1390488900800442369
1390487154812497920
1390486850767310848
1390486521053171712
1390486386248228865
1390485238313365511
1390485181065269250
1390484999170891783
1390484800205623296
1390480708427259907
1390484087966740486
1390484085689171971
1390483724584767491
1390483604858417158
1390483540400394244
1390483210933579778
1390482717675036673
1390482591388737540
1390482526871883781
1390482472467578881
1390482082313478146
1390482074952417281
1390481699293835272
1390481597426802690
1390481096576585730
1390480785963200516
1390480629389742080
1390469545261940737
1390479940714438657
1390479455966146561
1390479262210084868
1390477573533089793
1390479016969256961
1390478320891011073
1390478107686092801
1390478073678733317
1390476776615391234
1390476762371461122
1390475474346954756
1390475165935546374
1390474683280019457
1390474624639672325
1390474608147673088
1390474265393258505
1390473804309217281
1390473380982411268
1390473254486282243
1390472749026578433
1390472420771995650
1390472388249276423
1390472278014631937
1390472000787845124
1390471120424427523
1390470174818639879
1390469875991257088
1390468967353966594
1390468854040694792
1390468504348942346
1390467953192325121
1390467825169539078
1390467656923365377
1390467496109555713
1390467079573233666
1390466723082559495
1390465901279973378
1390465882867052544
1390465569363738627
1390465516452593672
1390465418901471233
1390465360684519433
1390465321736286209
1390465288844554240
1390465153217531910
1390453827489308673
1390465033860177924
1390464925798174727
1390464433198141446
1390464317166923781
1390464130390401030
1390464039092985856
1390463785920512000
1390463555254771715
1390463492466122753
1390463481535733765
1390463236772933633
1390463128190730244
1390462254546624514
1390462935282094085
1390462768055259137
1390462357290299394
1390461545088528385
1390461458018881537
1390461309955739648
1390344466448453633
1390461080334475267
1390460558596612100
1390460483719811074
1390459903077138434
1390359495373737985
1390459903056166922
1390459887767982086
1390459851260801025
1390459730842296320
1390459637544202245
1390459486339584004
1390459368802562048
1390448566938869766
1390459015126257664
1390402931812352003
1390458704458403842
1390458351851429892
1390458229281415169
1390458214920171522
1390458054332792834
1390456501215633410
1390456429501370374
1390456181072740363
1390455927648755722
1390455812741545984
1390455800250896389
1390455711742709768
1390455033465131011
1390454052895526912
1390454052165722113
1390454015939514372
1390453841863356416
1390453744551272449
1390453329738731520
1390453287426707456
1390453177145872387
1390452943749582853
1390452787658514433
1390452706582663168
1390452633253687299
1390452419696513024
1390376977429790720
1390452345545261057
1390452221008125954
1390452087914438659
1390436735134355457
1390451983157538821
1390451520349605894
1390451360986972165
1390451354318082048
1390451226727239686
1390450032063795202
1390449873972043776
1390449634548535301
1390448765430009857
1390448469350010880
1390448365821890568
1390448171227262977
1390420895311691777
1390448121461690370
1390366454432735234
1390393674748489729
1390447957812596736
1390447231979958278
1390446944309350403
1390446152986894337
1390445975278276613
1390445894886203395
1390445548516356101
1390445227647852545
1390444693956272129
1390436800066461696
1390444485759361031
1390444371649118208
1390444050046722049
1390442610834219010
1390443769661644801
1390443422020931587
1390442500280791042
1390442369422610434
1390442257862602754
1390441889212551172
1390441606680092673
1390441563692601356
1390441423053414408
1390441013509070849
1390440596431687681
1390440499530579968
1390440331921948673
1390440302717149188
1390440285621178369
1390440226863161346
1390440169824821250
1390439916207755267
1390439752755777538
1390437774604517388
1390439662666268678
1390439495896551424
1390439374505054210
1390439339352592391
1390438790133604361
1390438377938423812
1390438359177252869
1390438293184122880
1390438203774144516
1390437769072324612
1390437678575931392
1390437515056713729
1390388448956059650
1390413019247562755
1390437306528669701
1390436828122075139
1390436710983553027
1390436511427047426
1390436194673217539
1390436168844578820
1390436098296401930
1390435790342213639
1390435758000025600
1390435620271509505
1390381592103710720
1390411901302153216
1390435127084343299
1390434500501508096
1390434189577789447
1390433993154248711
1390433452835708932
1390433394492837894
1390432533314252803
1390432307199324161
1390431870932901891
1390431384167194625
1390431102049923073
1390430340011941891
1390430169421205520
1390394758846164992
1390429951661383682
1390429625877213188
1390429544008540161
1390377626741710849
1390428655101304832
1390428555222392833
1390428291400617987
1390428220818866177
1390376285147443203
1390427315717525506
1390426825835307012
1390426651423555590
1390396425801019401
1390426329972150272
1390425711928872961
1390425458236346368
1390425197841367042
1390425160809844736
1390424939791007751
1390424736539217926
1390424701319761921
1390424338692718602
1390424268991782913
1390423317937627136
1390385068015857667
1390422777484750848
1390400080864321537
1390422545447403520
1390422156706729986
1390421398414401538
1390421019001827331
1390420653254250496
1390420514812870659
1390420442431770631
1390420265608351757
1390420013371232261
1390419079693955076
1390410007779463169
1390418912492281856
1390408952450584587
1390418732850294785
1390418437177057282
1390418280259547138
1390384871231557633
1390418160147382276
1390418050118213634
1390417409463316480
1390349037426126850
1390416707320258567
1390342345317625856
1390416627745841155
1390416611862056968
1390408666252206083
1390416523949391878
1390416307242242049
1390415372755558406
1390415120937988107
1390415034170417152
1390414634411245577
1390414142071312390
1390413953575051264
1390413662175830017
1390413300744212483
1390412435006296067
1390411858419490817
1390411570644242438
1390411562066845699
1390411110633857031
1390410622374907912
1390410486634754055
1390410425431470087
1390352545743347714
1390410352765149187
1390410307206529025
1390409879958036487
1390393031078125575
1390409863340175362
1390409074177622016
1390409042636460040
1390408905180782595
1390408527202734081
1390408121546313734
1390380693532913667
1390407922442817536
1390407558943449093
1390407503578640386
1390382056623022087
1390407304437239808
1390407260464205828
1390406752672239616
1390406430235189261
1390406019122089988
1390405371127373827
1390405306237296640
1390405205943099404
1390404598511411204
1390404280058798084
1390401693293158407
1390354573215158277
1390404060235268099
1390404029658943494
1390403982573686786
1390403943717605385
1390403390753157122
1390403195516727300
1390403145520582665
1390402944961552385
1390402466529828866
1390402049767092227
1390401728881860612
1390401654126784517
1390401153112883203
1390399341244846081
1390400857435422727
1390400326071631876
1390400273076473856
1390400113265217538
1390366115570855940
1390400025583407110
1390398913111367695
1390398735461519367
1390398634454302720
1390398514715373572
1390398383614054405
1390398266962022401
1390398151257989121
1390398047293788163
1390398022916452355
1390397778782793734
1390397751633063937
1390397701754429444
1390397478168637442
1390396841800437760
1390378902556659713
1390396107579039744
1390395896660070401
1390395862673760256
1390395861046374400
1390395815059804162
1390395769480523776
1390395514848522242
1390395104674861060
1390394957203136516
1390394898164195332
1390394774654439434
1390394738696667137
1390394226354135046
1390393941015547905
1390393915988193280
1390393893603221504
1390393538047877123
1390393531630501898
1390393497518166016
1390392847594147842
1390392360891265024
1390391343432835079
1390391274600022019
1390390706318020611
1390390661803913226
1390390505264013315
1390389561147101184
1390379763961847809
1390389558106365959
1390389430515605507
1390389417043365888
1390388917707362311
1390388871196823555
1390388628883398658
1390388511006728195
1390388211529261064
1390388109699911682
1390387995669315590
1390387899393216512
1390387806019653632
1390387059894980614
1390386783419047942
1390386499624087552
1390386707619590148
1390386611066744836
1390386399422160900
1390386313183039493
1390386241057722368
1390386219192778754
1390369400184733696
1390385638235643906
1390385419443834880
1390385306948423685
1390385124793995267
1390384870942072832
1390384600682270720
1390384536446451715
1390384497489858567
1390384363095867400
1390384255587528705
1390384028386201613
1390383932324069380
1390383771069915143
1390383415925428226
1390382891482468359
1390382651392020480
1390382580122390529
1390382112725995525
1390376133863133188
1390381511204122624
1390381482468839429
1390381319956443142
1390381030247383042
1390381134207463428
1390380985729130496
1390379420767162369
1390379111374368772
1390378778472366089
1390378268788871170
1390378051444387840
1390377921752313860
1390377873668706306
1390377735009275905
1390377580797308938
1390377190555103237
1390347190745419780
1390377177796030465
1390355620637945858
1390376297751359497
1390376081555869699
1390375944586727429
1390375478523990024
1390375468864581638
1390374981855449088
1390374790729539584
1390373401336897544
1390372923731550208
1390372485661663233
1390367831167062016
1390372435875225601
1390372296909627395
1390372116906713088
1390372104638537728
1390372098347053060
1390371585643753479
1390371508476858369
1390371029432811521
1390370906380410881
1390370819168161792
1390370780920303617
1390370768903491585
1390370288559345664
1390370271165550595
1390370085102145539
1390369894038970380
1390369746122682368
1390369822454714368
1390369384636600325
1390366779298521090
1390366670032605186
1390368694182850564
1390368690563072002
1390368397284847618
1390368394940231680
1390368185824825347
1390368095802470400
1390367784480223234
1390366891034689540
1390366817479282693
1390366725489709062
1390366294952878094
1390366244667277330
1390366057110646786
1390365575155703809
1390365533221101574
1390365522026541057
1390365392472735747
1390365084262748161
1390365054793654281
1390364938091311106
1390364881803747329
1390364660122193934
1390364471248494596
1390364150954614785
1390363881869037570
1390363606122909699
1390357604673761284
1390363216463777795
1390343567881744385
1390363150407503877
1390362984204099584
1390362655702061057
1390362642322280462
1390362491826458629
1390362401682432008
1390362119842013190
1390361486330109961
1390360968794869760
1390360898632667140
1390360890814369792
1390360749097242625
1390360475767091200
1390360414328958979
1390360257784733696
1390359892876316678
1390359874366844936
1390359343971946501
1390359289928339464
1390351387830145024
1390359079676116994
1390358713756749825
1390341573997592577
1390358446357184514
1390358411204829191
1390358045864120325
1390357999022223362
1390357632360370178
1390356664960835584
1390355873550278660
1390355375845687298
1390355372284731393
1390354699426091008
1390355263568465921
1390352814338199555
1390354822478667778
1390354744523124738
1390354568542932999
1390354403438247937
1390354033391570944
1390353450379223049
1390353951644688389
1390353769796280323
1390353763655880705
1390353188189057029
1390351919105941505
1390351357417246726
1390351155344064516
1390350344291487744
1390350156437012480
1390350039210414082
1390349973468942344
1390349371456229380
1390348998452654085
1390348831196426240
1390348647137746944
1390348318744645632
1390348080172736513
1390348017983754241
1390347737187688450
1390347703834628096
1390347701578092544
1390347463173758976
1390340413920317448
1390347205622603781
1390346619342577667
1390346585977114625
1390346400370765836
1390346336671870978
1390346284758929409
1390345759141371908
1390345669303488518
1390344787304361992
1390338591369400328
1390344712918388740
1390344698905174016
1390344352459751427
1390344328464289797
1390343961257119752
1390343874384695305
1390343713319231489
1390343709896712196
1390343411140636680
1390343147826335744
1390342445804707844
1390340973872488454
1390342426980720642
1390341867460497408
1390341336625295367
1390341293029605376
1390341240311459841
1390341106211110912
1390340843542827008
1390340457062879233
1390340385055064068
1390340352402464775
1390340351005794309
1390340241047834627
1390340217232580611
1390340088329027587
1390339973249970176
1390340062047621124
1390340006221254660
1390339989238599683
1390339968711733253
1390339928219914243
1390339532755718152
1390339307857195008
1390339027581034500
1390338570280386560
1390338550806335491
1390338485580673035
1390338333654491142
1390338239026941954
1390338188774944770
1390337356926947328
1390337228778446848
1390308335312949251
1390336719220785160
1390333386166837248
1390322269268975619
1390336543060074500
1390336433974616064
1390319527099998211
1390336319029608451
1390335915713830917
1390335837393629184
1390335820956061697
1390151263090774019
1390330101171204098
1390335352334864386
1390258873525747714
1390334705350942721
1390334483958747137
1390334478225190915
1390334251762081792
1390334224985636864
1390334106010112001
1390333706036973569
1390333525388406789
1390287254120189952
1390286814947205127
1390285736356745217
1390284775269838849
1390333172685197314
1390333142196707335
1390333039008436224
1390332647142998017
1390332643045257217
1390332584291414020
1390332531862614019
1390332474203512834
1390332454339325952
1390332372785278976
1390332347137118209
1390332291990364162
1390332129129730054
1390277607510450189
1390332123610062852
1390331827823513606
1390331664081952772
1390331621665120260
1390331598537691145
1390331490802802691
1390331166084018184
1390318195488272386
1390331009971982337
1390331005370834944
1390330882041470978
1390330815914160129
1390330787308834817
1390330385536491521
1390330101955534849
1390329855489740801
1390329729916473346
1390329674325270531
1390329501859655685
1390329499338756096
1390329285798400009
1390329283986563072
1390329108064874502
1390328747585282051
1390326338536476675
1390326513216757761
1390328746331230213
1390328725296885763
1390328354524499969
1390328343057285124
1390313378250383366
1390304635722813443
1390321511278563330
1390327812960231424
1390328222412386307
1390328101993865219
1390327937287737349
1390327632701665283
1390327035755630597
1390326906973741059
1390301808510308352
1390326770423980033
1390321400754360321
1390326699875766277
1390326454559334402
1390325751682150401
1390325470613450762
1390324978730610689
1390324939236990980
1390324911361511425
1390324664078118922
1390316574297501700
1390265292207558658
1390324580850487305
1390324011935150082
1390312004125069315
1390163930572537856
1390323897892024333
1390323818535825410
1390323738487320581
1390323703041376260
1390323652181200903
1390323545989844998
1390323513509154818
1390313999531749382
1390322920040378374
1390322797017243648
1390322535942823939
1390322497812369419
1390321936081821697
1390322431085195264
1390322336226758657
1390322094899044357
1390321981904637953
1390314599141068806
1390321961914576899
1390321823124967425
1390321714869964806
1390321512910147587
1390321326099939328
1390320852886081537
1390320653082009609
1390320428250456066
1390320328044425217
1390292298097995776
1390319802997252098
1390319670008242181
1390319381251506177
1390255370627600396
1390319069249867778
1390319057849704448
1390318837086801929
1390318809332977668
1390318755671068677
1390318642668085257
1390318486312914946
1390318133433536518
1390317886120632325
1390317819842240516
1390317763403653123
1390317546822422531
1390271655184723971
1390317323664297984
1390317154654900229
1390316919560024066
1390316882503286789
1390316848814727172
1390316577611034626
1390316539983892481
1390316245447319552
1390315966932865026
1390315485233885190
1390315228949323784
1390315087500562437
1390314600399347713
1390314229035634690
1390313870019923970
1390231580908654592
1390313699739570184
1390313662263566337
1390279650237157377
1390313283723407364
1390308004776534016
1390255709057658881
1390296947710382080
1390313206816591877
1390300492228661250
1390313121512890383
1390312192520622083
1390312103505010690
1390311579107868672
1390311435515879428
1390311334097653760
1390311169139822597
1390311106401513472
1390306404016263168
1390310576530857988
1390310121033674754
1390309982655156231
1390309741683953665
1390309734037823489
1390309051347701760
1390309016249634834
1390308642642071552
1390308553328578561
1390308405944983555
1390308358884823048
1390308284356341761
1390307828145950723
1390307681328566272
1390307604468047873
1390307593164365824
1390307156868550665
1390307104024563714
1390306802391293952
1390306560954535940
1390306555464196096
1390140848327831552
1390306121441693698
1390303751165128704
1390306064260734982
1390306053603041282
1390305649406451712
1390305248678395904
1390305190629150722
1390304804690292743
1390304606912237570
1390304565992460289
1390304346907189256
1390304148193751040
1390303857658384395
1390303527029796874
1390303477134364678
1390303449510731777
1390302610448658433
1390302180503134210
1390301323761963008
1390287813434822656
1390300618686926850
1390300607471304704
1390300394400669696
1390299897757421571
1390276385047031809
1390299673559195650
1390248335999647747
1390295435449929734
1390298988608425985
1390296658316087297
1390294179956285441
1390298934552182784
1390298602183053314
1390298557782138880
1390298279250911232
1390298190944014338
1390298160250118146
1390298119498354690
1390297492055629825
1390296975015297025
1390290880993574914
1390296851153408008
1390294785374699521
1390296213082279938
1390296153112170498
1390296151434399746
1390296149341478913
1390295848630763523
1390295589162733570
1390294971580751875
1390294956472999941
1390294893029908481
1390294442217775111
1390294751979659272
1390294577068785666
1390294443480211458
1390244271740104705
1390293917967527938
1390293850904842240
1390293690053242884
1390293684948664325
1390293671426371591
1390293338830647297
1390293322711830529
1390293029261651976
1390292973640994816
1390292962022674436
1390292828505448449
1390292816023199744
1390292780300263428
1390292771810988035
1390292584023609344
1390291839438229505
1390291785709236227
1390291717287550989
1390291491147419648
1390290803696750597
1390290305258246147
1390290297192652800
1390289384277151745
1390289201908887556
1390288645018488832
1390288527905144834
1390288480450789376
1390288380735500295
1390288178385412097
1390288015554187264
1390287702164180994
1390287565543116800
1390287134930657281
1390276122731061250
1390286831145693187
1390278487559266305
1390286765886476288
1390286107007410179
1390285907274747907
1390284368174792707
1390285686910197762
1390285306218307587
1390285037191450625
1390285011061022721
1390284548261429253
1390284080508510209
1390269208232136704
1390283909007618052
1390283887780237320
1390283476470013954
1390274750530867203
1390274752632217601
1390283465296338948
1390274108441628674
1390283438452875265
1390283104007360513
1390282311334256643
1390282026138353667
1390281823419342849
1390281637687136258
1390281629084659713
1390281610587688965
1390281253103063047
1390162649745297408
1390268801191751682
1390281111855583237
1390269529452908544
1390266335209431042
1390135654881890305
1390280762180653057
1390280747014053889
1390280702319632387
1390280373188370434
1390280169995264005
1390279860736638980
1390279223777038339
1390278790065106944
1390278002462822408
1390277868358443012
1390277860208914435
1390277326689214470
1390277089694261248
1390276349420523525
1390276159317975040
1390275555283677187
1390275530554028032
1390275415915257859
1390275406671003650
1390274849994682368
1390274518355267585
1390274298137387017
1390274021787414529
1390273874818961408
1390273708724477952
1390250477372252162
1390273437806075905
1390271143316271104
1390270890957582339
1390269831988092933
1390269497760784388
1390268874659180544
1390268595633102848
1390268566604234756
1390267231658029060
1390267030172020736
1390162216872198146
1390266821018853376
1390266654362378242
1390265975010906116
1390265638220967936
1390265313346867200
1390265294527082496
1390265184594317317
1390265073210363905
1390264933179396097
1390264884097654784
1390260425518944256
1390263979788980224
1390263863849979907
1390260449934036994
1390250155543310340
1390259229655805955
1390258929301606400
1390258893398462464
1390258386005118977
1390257817299345412
1390257601166839809
1390257358958432256
1390248382246047744
1390256909383577604
1390255945406689283
1390255399329312770
1390255145116700672
1390255062585335808
1390254563798700037
1390253765001875459
1390251569065742337
1390250760504594433
1390249964077555713
1390249763711471621
1390248351606743040
1390248059460890628
1390245296752504834
1390244641090547713
1390244065959202817
1390243431360892930
1390242880657281024
1390236264440504323
1390236106759737353
1390234762732781569
1390231467934969862
1390230326396342276
1390229007682134017
1390222929057681410
1390215801559465985
1390209123929796609
1390209124974145539
1390207596586541057
1390203850641002497
1390203475473096704
1390202013070381056
1390198587825479681
1390198057703202819
1390194604088119296
1390194506692272128
1390189550748807169
1390188487211687936
1390186171200856064
1390184327133253633
1390176553670225921
1390173725472051200
1390170937849532416
1390170402828267521
1390169240536293376
1390168938479243264
1390168830442344452
1390168791460556809
1390168253234925569
1390168730949275648
1390166672443576326
1390166568701763585
1390165068986396675
1390164065402728450
1390164012139225091
1390161212856471554
1390158952311267328
1390158793099579393
1390158705409277952
1390158579236315139
1390158238281261059
1390136150652772354
1390156889326067717
1390156530360754176
1390156381295153154
1390155519537602565
1390155471097565184
1390154950622208000
1390154254195822597
1390154040487591941
1390152169656098824
1390150783958757378
1390149474803228675
1390149063375560705
1390148850552279042
1390148290189082630
1390147994989867009
1390147858561654786
1390146414152400901
1390146368556109824
1390138914481000453
1390146079547604993
1390145684247093254
1390144835995250688
1390144755905048576
1390144673247907841
1390144314131505154
1390143537040265218
1390143049506906115
1390142425511960583
1390142324689227778
1390141701382152197
1390140756602589185
1390139759901687821
1390139753119559681
1390139073461997569
1390138988632104960
1390138819442323456
1390138716438532097
1390138608284225539
1390138338603147265
1390138221405868033
1390138133434544131
1390137327054467073
1390137292233314304
1390137101107310600
1390136995553464320
1390136543306829831
1390135784850743298
1390135331224268800
1390134818034364418
1390134370183286786
1390134289992491008
1390134214822072329
1390134049252024322
1390133787024052230
1390133734645460992
1390110034802130945
1390133604550807553
1390132743330177028
1390133249842847745
1390133073140985856
1390132498684956674
1390028349981011978
1390111699273932806
1390132924234731521
1390132327368564736
1390131993573220355
1390060836165718017
1390065383185559555
1390131058281271297
1390130678189150210
1390130623994605569
1390130443517898755
1390130421971791878
1390130319794352130
1390130071592177664
1390129932102209538
1390129535627182081
1390129463736868866
1390079508011683841
1390129016263303168
1390128604424675328
1390112738509217803
1390128436186861568
1390127763072372737
1390127670629908480
1390127077001682951
1390126844939317254
1390049521363820546
1390126654534651904
1390126346316173316
1390126315035058184
1390126281136779266
1390126126584979457
1390124586742779904
1390126076001673216
1390122778263789568
1390122369251938304
1390125978920366082
1390125935031095296
1390125843750473734
1390125477189373952
1390125462958092291
1390124596263800833
1390124435512963079
1390124230784782339
1390123987414441984
1390123773119057921
1390123516910088193
1390107339227807745
1390123284491079688
1390122558306111494
1390122265535254528
1390105200740945921
1390122223382433792
1390121875674746887
1390121714340835330
1390121545876582400
1390121447755067396
1390121392356610051
1390120885147865092
1390115300658528256
1390120562362621956
1390120046979076096
1390119950052954122
1390119819014455296
1390119720041467906
1390119340977102849
1390117026295865345
1390118983853088777
1390117326587105281
1390118801920995329
1390055071652716544
1390118170455953411
1390037471929438211
1390118106132107270
1390105361441599495
1390117782042419203
1390117643340943367
1390117627616505858
1390117205648580608
1390117015558443013
1390116918946897929
1390116353072373760
1390115460755165184
1390115724379754497
1390115545199091712
1390115519555059718
1390115254668042245
1390115033053552642
1390114781361737734
1390114524590714884
1390114423805710345
1390113914080354305
1390113825647702019
1390113770593267713
1390113705711607808
1390112914938400774
1390112541737693187
1390058064665972739
1390085269538295808
1390030811282382852
1390112499375099909
1390112453099360256
1390112062857113603
1390045126442078208
1390112059749289986
1390027665890021382
1390026976405168132
1390111816961908743
1390111339620839426
1390111113119940611
1390110860211798021
1390109649932849155
1390109472866066432
1390109439584264193
1390109188962103297
1390109123472207872
1390040129197248512
1390081578521464838
1390108776456499201
1390108638233206791
1390108591110098946
1390107887863746560
1390107647874060293
1390107283200352257
1390107229953609730
1390107139675496453
1390102648251195398
1390095558199685122
1390107133212086277
1390107112802553863
1390106981889941505
1390106754072125440
1390106694559182850
1390106255822307331
1390106202164629511
1390106118030913537
1390020181720813570
1390105856906301441
1390105602697924608
1390104993450102791
1390104824876867586
1390104742555160580
1390104669846966273
1390104496689360903
1390104299523481602
1390103857577988101
1390102566596456462
1390103749444751369
1390101960192319491
1390102681784573958
1390103628145377288
1390102911292690437
1390102460669251587
1390102199171264513
1390101992165490688
1390101952638369793
1390101945227091970
1390060378223169537
1390057009140146181
1390059975960039428
1390063706361499651
1390080520776818695
1390101835130753026
1390028210159685635
1390100480148320256
1390101615529562117
1390101212951887874
1390101151346012161
1390101123474903044
1390101106991185924
1390046086958653447
1390100961956442112
1390100672880730112
1390097509666668546
1390098976398094338
1390021600582451210
1390100361973747713
1390100331112116224
1390099958007803904
1390099904811438081
1390099523217903619
1390099489231409152
1390099027102949377
1390098924048994314
1390097947774365697
1390098040854388736
1390097970553573379
1390097493552160768
1390097476359700480
1390097337004003329
1390097191604215808
1390095863092031493
1390095676764209153
1390095441023455238
1390095225020829701
1390094850335428610
1390094150482243587
1390030158120333314
1390094002284810240
1390093953802854413
1390093456987545601
1390093317229121536
1390093269133152261
1390093221779361795
1390093212711329794
1390093194562580482
1390092789338316800
1390092664507359234
1390092586090704900
1390091911596232707
1390091797620211714
1390091249818951682
1390090508798726144
1390090931043508224
1390090247854305281
1390090180460261378
1390089656750989312
1390089587859537921
1390089458469453824
1390089370363904001
1390089260070543363
1390061123530067977
1390089168089387009
1390088591234244610
1390039008600788994
1390088463454703616
1390088439073234955
1390088057697800198
1390087760636121088
1390087521124720643
1390087287103447041
1390087232170643460
1390087046841212929
1390087016726114305
1390086930566631427
1390086676551192577
1390086524658651141
1390086233657913346
1390085537512529922
1390085230749491200
1390050415195131908
1390085389084471296
1390085316090990595
1390085233610010625
1390085164420767744
1390084991833489409
1390084953153622018
1390084366097960961
1390084299559514130
1390084180265078785
1390083981849333763
1390018238013186055
1390083756627738626
1390083703213264898
1390083662293700609
1390083630056230915
1390083478952239106
1390083117575200772
1390046333910798337
1390082592402247689
1390082369210785792
1390081762554941441
1390081456748351491
1390081453233410051
1390080423833833483
1390079511966932999
1390079265937494016
1390078843839565828
1390078388870815749
1390065346334363649
1390078037333618701
1390077712417665030
1390072195481747460
1390076708737409032
1390074303358570502
1390076546090668033
1390076315949314051
1390076197237891074
1390076194318606336
1390076127948034049
1390075240303185921
1390075492720652289
1390075436839931905
1390075180395925505
1390074450989682691
1390073695956262912
1390073606382686209
1390073530205736963
1390073215222001672
1390072931817082881
1390072878280937478
1390072426101297153
1390072298141626376
1390072093006499845
1390072026124128258
1390071990334148610
1390070907612323850
1390070891057401856
1390070884136890368
1390070634693136388
1390069811393277958
1390069495205711874
1390069210261377024
1390066903364866048
1390068381169201157
1390068174897524736
1390063953670283269
1390068357827862535
1390063691534643208
1390068353050501122
1390068065799389186
1390068040067428352
1390067973893902336
1390067359583440897
1390066849480683520
1390066746145525770
1390066616314912773
1390066068962484227
1390065882815156226
1390065856990695424
1390065773708603392
1390065600790138880
1390065573355270145
1390064570652311560
1390065133951623171
1390065055002243074
1390064052173430790
1390064863997841414
1390064985921966082
1390064787900489731
1390030716231168004
1390064392453201925
1390064310219595779
1390064305723383808
1390064023429865475
1390060594884120578
1390063990634684425
1390063944124018691
1390063848149983235
1390063505873719297
1390063268325167104
1390062962400923649
1390062728912506880
1390062648440627201
1390049210951684099
1390062643373920257
1390062469377404932
1390062340457041926
1390062255719464960
1390061742420602888
1390061651458678784
1390061215662100483
1390061192564117514
1390061115955101699
1390060493029748739
1390060306609618951
1390047612846452744
1390059717427404807
1390059558295461892
1390059522799120389
1390059319014662156
1390059297338499076
1390059230946865153
1390059088495665153
1390059009764466693
1390058684642910211
1390058036094451714
1390057795127595008
1390057525412782080
1390057299373445122
1390056063613947910
1390055931392761859
1390055923507515392
1390055774852878338
1390055488721604609
1390055284689805317
1390055248958533638
1390054962328219652
1390046026107662336
1390054867650154497
1390054191901597699
1390054030655766529
1390053997751373825
1390053910157664260
1390053674421002243
1390052610737119234
1390053599489757189
1390043723736694784
1390043719953489926
1390053313647890441
1390053187734888450
1390053185025368069
1390053165672898564
1390053044646256643
1390052858339471360
1390052048968814594
1390051939128328197
1390051797457375245
1390051556855255042
1390051273718784005
1390051046484070410
1390050622360141828
1390050614843936771
1390050423860572161
1390049724657508353
1390049669623975938
1390045974077317128
1390049442967982083
1390049354313084929
1390049275896287240
1390049085743255556
1390049074762690561
1390048805043806209
1390042042248671233
1390048659778285571
1390029904805351425
1390045000046714884
1390048514365956104
1390046530388770827
1390044629144424455
1390048309138579461
1390048217912516615
1390048058885410817
1390048118104854532
1390048016183316489
1390047966916796417
1390047823496949760
1390047752063799302
1390047331261714432
1390047029980696576
1390046833439805445
1390046828947808257
1390046595245395972
1390046448016822297
1390046429780094980
1390046415875756034
1390045682061529088
1390045532685410306
1390045100621840395
1390044964856418306
1390044869280899077
1390044732605206533
1390044620084727816
1390044561070825475
1390044333718528007
1390044290747977731
1390044211739779079
1390043872085020674
1390035640386039811
1390043545512333320
1390043357972402180
1390043222462849027
1390043016321187846
1390042986831036417
1390042916958183424
1390033727791804418
1390042715463688194
1390042696002191367
1390042624082464779
1390042281844088834
1390041938552840192
1390041758914973701
1390036530329174016
1390040664902144000
1390040598346969093
1390040416867717122
1390036172039237633
1390040400233107456
1390040261389074432
1390040205651025924
1390039169985089546
1390040204862533634
1390040195555381254
1390039958828765184
1390039909390561280
1390039309361762306
1390039132190265354
1390039011339681792
1390038796746510336
1390038768393068548
1390038688080580609
1390038456471072774
1390038295430717442
1390038091566624771
1390037866458361860
1390037642146947078
1390037639995211777
1390037575423901696
1390037560446050319
1390037535825485829
1390034953027657734
1390037387112222720
1390037170514239488
1390036877999329286
1390036826413481986
1390036777537134593
1390036352985485316
1390035610686066688
1390034822962192386
1390034741756375043
1390034408225263618
1390034503796670473
1390034362662522880
1390034275777630216
1390034099310628864
1390034095200157699
1390033677598531592
1390033644740349957
1390033488682889216
1390033414682812420
1390033205105942540
1390032966462672902
1390032874724761600
1390032681535262720
1390032357764341769
1390032106558955524
1390031730887827457
1390031543972810759
1390031527417950210
1390031119232479238
1390030860523556866
1390030586492989445
1390030482465775616
1390030381189976064
1390030374483419156
1390030043557113864
1390030035747233799
1390029855736086530
1390029658750652417
1390029459491860481
1390029045006536711
1390029017751953410
1390028979084615689
1390028771768606726
1390028603660832768
1390028384177098753
1390027883817676808
1390027266361593863
1390026920214028294
1390026299352178690
1390026114555330562
1390026043126390786
1390025904152252416
1390025892471181317
1390025663160193029
1390025611213688838
1390025450462851074
1390025368007057415
1390025224691793926
1390025161286504452
1390024988783267841
1390024715788562434
1390024687233634305
1390024578899005442
1390024297918443533
1390024081777463296
1390023998046720002
1390023710246113285
1390023995366514688
1390023951527579657
1390023630948642816
1390022877114769411
1390022516740173824
1390022472481841154
1390022242591862785
1390021837493608460
1390021312039460865
1390021106661265416
1390020825840029699
1390020747725209600
1390020708336558081
1390020372238589952
1390020150229823490
1390020141262544898
1390019741486501894
1390019534640267268
1390019462552817667
1390019155416453124
1390019006497763328
1390018504368197635
1390018421459456005
1390018183717863432
