1390069837330853889
1389676446671638533
1390069823128981504
1390069599614472199
1390069563786776583
1390069225671204864
1390068801480314885
1389630925265281024
1390068790168375299
1390068632676356097
1390068186255544324
1390067570657697792
1390067237671817217
1390067087662530566
1390037539810074630
1390064925008138242
1390048649632223232
1390024016312913928
1390035079448121344
1390051749025693696
1390034348989091842
1390067059879460865
1390066973803962381
1390066816593055744
1390066269911715846
1389777169283420164
1389786643008266240
1389631235463524362
1390058733531713542
1390066243126931457
1389659488374902785
1389439898688557057
1389778195558371331
1389781559855796226
1389786481703653376
1389629805201698823
1389437269409476609
1389773925127794692
1389434465928286215
1390051011633590273
1389434908456722435
1389785652032688136
1389662905709309953
1389784891085279238
1389782034978164736
1389781780702670848
1389775279556603906
1389781062436499457
1389632102883282952
1390062692841529348
1389441856912625671
1389780154000551938
1389779856087527424
1389631619703754756
1390057827452993537
1389772479804084227
1389433007090634758
1389599126141161479
1389427797375045633
1389432472396521477
1389627962409078787
1389658856545005574
1389592819484987393
1390060735494037504
1390039923844132864
1389426212808839171
1389653849460428804
1390051628594737153
1389670119530450960
1389779517733052416
1389438365964148736
1389432890681925632
1389626644223119365
1389667539723161601
1389628380031733760
1389605298088943617
1389591358420226049
1389594385193521153
1389668376679682056
1389652957831090180
1389782426252087299
1389428534142251015
1389625795530919938
1389772869895344128
1389787444418068485
1389656351127834627
1389630238095708161
1389595482125705227
1389769757424066560
1389430304943878144
1389630949978251266
1389434319341490178
1389429062037393417
1390056911437979652
1389780608386207746
1389770569105788929
1390040521964457984
1389596060381765632
1390043492051787779
1389425744875511812
1390066239188393987
1390066079251238913
1390065921683824641
1389912076525658113
1389890561482661892
1389588626800095232
1390065872983793664
1390065708948721664
1390065529948446722
1390010534867521537
1390065460272451584
1390065369726033920
1390065141396525059
1389871665555857408
1390064854409560070
1390064448463851523
1390064787074265089
1390064543901048834
1390064516038283268
1390064483356270593
1390063852180627459
1390064293039726592
1390064142195863554
1390064092866662404
1390063576811986955
1390063900280901637
1390063794865512452
1390063755933982720
1390063682995036162
1389898391103184901
1389900081076346880
1390063677710217217
1390063615802232835
1390063226482688001
1390063063060074497
1390062943425818624
1390062922186035203
1390062901323513862
1390062402843004928
1390062049665814530
1390061954497187844
1390061921974501378
1390061781930987524
1390061585826201603
1390061326060433414
1390061285765697539
1390061259194867721
1389972307045670917
1390061143276855297
1390025829623730183
1390029715747053568
1389695556306493448
1389839794168111105
1389650918279421954
1389609344262713351
1389634501689712648
1390061116177403912
1389919274073006082
1389651184382775300
1389609596604620809
1390027572050907140
1389511689968787456
1390060794323292160
1390060488407633929
1390060378667814912
1390060177051750401
1390060105803210752
1389665997586587655
1390060001721520131
1389645762489950210
1389594811028623362
1390059750927347712
1390059655842484226
1390059309938233348
1390059150772670466
1390059108401881094
1390058629437460484
1390058505881624576
1390058377531772932
1390058347374710787
1390058320615165955
1389942969243889669
1389610773941522438
1390058276029673472
1390058263253770244
1390057786885746689
1390057648641486849
1390057465258053636
1390057303014088705
1390057241118642177
1390057162387427330
1390057147300556800
1390057125452386304
1390057027343470595
1390056966630805507
1390056936092180492
1390056759662895109
1390056681921564674
1390029782155464707
1390056606604402693
1390056556398526471
1390056379591897090
1390056299371679746
1390056219038076928
1390056216890646529
1390056206404886528
1390056206274895875
1390056157977272320
1389621419059949573
1389712685995118594
1389639614508552196
1389928856988131331
1389611501003100165
1389629487545999362
1389616834849161217
1390056073147596800
1390055847485579265
1390055799850868736
1390055719714627585
1390055622578778116
1390055542568144897
1390055526122262532
1390055144830603264
1390055041223073801
1390053371013435392
1390055040832921603
1390054957747945475
1390054899459710979
1390054724393656321
1390054570559115267
1390054550829248516
1390054416833781760
1389995642680971268
1389491987494100995
1389981395221716995
1389486498655973379
1390053834660143113
1390053723980902401
1390053613372944385
1389691162466963459
1390053563901022208
1390053499753410565
1390053418958528517
1390046580594642955
1390053308866433032
1390053262494142466
1390053219783651328
1390053207607451652
1389666741773471744
1390053082998874112
1390053045476732930
1390052886848098307
1390052847203635200
1390052638243295233
1390052501529915392
1390052486317215748
1389690088335060996
1389629706501230594
1389962118695432195
1389571275941552131
1390052420156334082
1390052417115459584
1390052337226555402
1390052238626893828
1390052011828203524
1390051965502173184
1390051938541215746
1390051875974746112
1390051564635803652
1390001988004417542
1390051558608494598
1390051346582183938
1390051328613834752
1390051254294913029
1390051239065436164
1390051216433029123
1390050884810326028
1389601790270873614
1390010657035145217
1390050872730718208
1389626899639508992
1390050551484854276
1390050315345530882
1390050243174092800
1390050162651844618
1390050154007388162
1390049642788835336
1390049559615721475
1390049479085105153
1390049337720381444
1390049320225939456
1390049208653295622
1390049164285943811
1390049016373669893
1390048969884151813
1390048909364449288
1389555434369990656
1390048678501654544
1390048658939269124
1390048578853347334
1390048336606994434
1390048023070351367
1390047953138720770
1390047880216522758
1390047765070192644
1390047758132912137
1390047547209703428
1390047190769410059
1390047175246290947
1390047147316367363
1390047094778515461
1390046997781131264
1390047028240072707
1390046723372879873
1390046617479237632
1390046530556530701
1389580621920546820
1390046485312688129
1389959299481407499
1389580898912415744
1389611647506042882
1389598770648735748
1390046382778638336
1390046033485385732
1390045978682667014
1389902480616665088
1389691828920803330
1390045689284079624
1390045483792486401
1389452354651557891
1390045381292089349
1389684870666928137
1389995185711558657
1390044907121819648
1390044885349142528
1390044468397715458
1390044431814909957
1390044277783269376
1390044263644377088
1390044237459247111
1390044208610914310
1390044133490925569
1390044038624157700
1390043813184475140
1390036459533524992
1390034085792333829
1390043653410852864
1390035876441382919
1390043315068882944
1390043303815651340
1390043248610185216
1390043065570762756
1390042889007341569
1390042163854065670
1390041947046359040
1390041417502838791
1390041173344104452
1389690066671480837
1389930420247142405
1389746779550326784
1390041101634056193
1390041078162763776
1390040726558298113
1389431745188044802
1390040472391979012
1390040397196398592
1390040393069199362
1390040337482190850
1390040309522997253
1390040291814658054
1390040261389074432
1390040221778124805
1390040186822742017
1390040143529226246
1390039867091038216
1390039838745894922
1390039680272543747
1389671176465694727
1390039529717960709
1390039430258438150
1390039084026957824
1390038946588004360
1390038600310566914
1390038406500061192
1390038320529375232
1390038129583828992
1390037969134931968
1390037948238807041
1390037920631906307
1389840154261655556
1390037871374094346
1390037589550419976
1390037544142884865
1390037439033528326
1390037408880766979
1389679982243459074
1390037123957411848
1390037076381421574
1390036991845281792
1390036943468105735
1390036535689498625
1390036517641506817
1389648469686591491
1390036499048062981
1390036439845543936
1390036367103627270
1390036135875948549
1390035586212323335
1390035308142645253
1390035300383088642
1390035244313726976
1390035223036010497
1389513939571073029
1389979915525791752
1390035023215140865
1390034828377079811
1390034725214031880
1390034398175760393
1389970982039871493
1390034045954928651
1390033838479339521
1390033801871507457
1390033750482997248
1389626079216869377
1390033660187906052
1389550403856048130
1390033584069693443
1390033563467362306
1390033396898926597
1390033388321583104
1390033380314603522
1389712014197547024
1389873818215370760
1389890877145944069
1389883758606700546
1389506721211719683
1390032981339820042
1390032888205283329
1390032413410136064
1389913840012468227
1389771873882451971
1389985816085151746
1389721349053059072
1390032229670215688
1389742136229236738
1390032156664078336
1390032145431805956
1390032023050407937
1390022718133768199
1390031982306934792
1390031940829470729
1390031566307483650
1390031245074120710
1390031097321361415
1390030511234555908
1390030417508569101
1389663820315086848
1390023336630095876
1390030347602210817
1389628917917655043
1390030122418323457
1390030096052989957
1390030038595260420
1390029934559744000
1390029624378281988
1390029486821883907
1390029265241055232
1389558233069723651
1390029154993717250
1390027968290988044
1390028856778805249
1390028808833671175
1390028697462259720
1390028665027760129
1389693438120112132
1390028624548540428
1390028307085893636
1390028180044402689
1390028157177237505
1390018623385874436
1390028089527255040
1390027973114437632
1390005758012559377
1390027956924395523
1390027931909558274
1389923781515399173
1390027930751881221
1390027918940725249
1390027623087157250
1390027479562264577
1390027466736033793
1390027340143423490
1390027324129783822
1390027063801774081
1390027017253437451
1390026535705403396
1390026374816075777
1390026036532977671
1390025991674896386
1390025898494242819
1390025879556866050
1390025828201807882
1390025686518280193
1390025657967595520
1390025579156627456
1390025542229917696
1390025387053355013
1390024929169575942
1390024824152412161
1390024753067425792
1390024286858010626
1390024272140242950
1390024259834023936
1389676343445663746
1390024167190302724
1390024099976695816
1390024001658015752
1390023813472075777
1390023574472232963
1390023409493553155
1390023365092597760
1390023217763524610
1389998875616940033
1390022990516133890
1389982510013161479
1389510935182708740
1390022952494800900
1389911365918277636
1389996272388608001
1390022791177641995
1389623831489355779
1390022657719083009
1390022655689076737
1390022461161345028
1390022459726905348
1390022415342702596
1390022398095806467
1390022301308104710
1390022248061358080
1389659860497797120
1390022245976735747
1390022061876187138
1390021823455059968
1390021724952047619
1390021649232273414
1390021592500035589
1390021393593548807
1390021313788485635
1390021182691348482
1390021020866777088
1389974501954408453
1390020968932904960
1390020940252258318
1390020256853381125
1390020899894616067
1390020503671394306
1389961334431825922
1389454523207405576
1390020244958220289
1389625792523538435
1389594427388223493
1389595270422405128
1390011117964087298
1389611760928362498
1389594706259161091
1389999224096530442
1390020134144708621
1390019748101033986
1390019673622712327
1390019580559564802
1389615521570738177
1390019490814042112
1390014827226177538
1390008584679923714
1390014588012408835
1390019207140626439
1389594375492186119
1390019017759469570
1390018995403870219
1390018979708669954
1390018979075342337
1390018910926295045
1390018776918372353
1390018771314741248
1390018658819211269
1390018610958057477
1390018586878545929
1389976345606770691
1390018550660833282
1390018537276776454
1390018536333094923
1390018527457861634
1390018431668391936
1390017661627731969
1390017572628795396
1390017538948575237
1390017484300984322
1390017350641102864
1390017257124909056
1390017015465775107
1390014548728553473
1390016898155401223
1390016788910510086
1390016702986002441
1390016544982306817
1390016479135997953
1390016140735393795
1390012529007529986
1390016028793610240
1390015966373949440
1390015707191066631
1390015648965828611
1390015524717965316
1390015438948638729
1390015406731980801
1389929665750462465
1390010461198848001
1390015363098677248
1390014466020896769
1390015216616882177
1390015048345604097
1390014897338023939
1390014861921427457
1390014837657276418
1389609134467788808
1389921112323145729
1389653953349144578
1390007490000166919
1389999676951343109
1389983869307432963
1389995815691825155
1389991028875309057
1389998386393370628
1389989978852233220
1389930788016295937
1389996775306629126
1389605526724616197
1389656972560109569
1389971866585112578
1389897630109552641
1389847209471090688
1389848607898079232
1390014684196130817
1389603636720799747
1390014588113018882
1390014524556775424
1390014506026274817
1390010685967437829
1389935881855946752
1389924892896866307
1390014412531109893
1389923229045719048
1390014360408440835
1390014136793255938
1390014091666862080
1390014084830187524
1390013837873754122
1389957090228281348
1389959191142535171
1389620051322486787
1389774837359468551
1389961099819298816
1389958705966354435
1389427538066292736
1389955795257892866
1390013238897745925
1389757740290125827
1389952628818419721
1389948291241156612
1389717225687461888
1389959814407770112
1389745380879962112
1389964387910406148
1390012861372669954
1390012705818427394
1390012650650734593
1390012304251568129
1390012189789069314
1390012151130116100
1390011919021481984
1390011840151781377
1390011715329298433
1390011516959789061
1390006121788739589
1390011338894807040
1390003242256543745
1390004638372466688
1389990404284616704
1389995963847168001
1390011260603928577
1390011126834999298
1390011077522599939
1389965695031685130
1390011028356927496
1389746832004239363
1389648600863584256
1389603402385141763
1390010854133882880
1390010730225840137
1390010713347928065
1390010630493573121
1390010482090815488
1390010153546747904
1390010142914072578
1390010123788029958
1390009786142531584
1390009685613363200
1390009525244252160
1390009408130781190
1389487848877875205
1390009406524477441
1390009356943609859
1389611412587167746
1390009307035492353
1390009299414523905
1390009232347459585
1390009154325123075
1390008832600985607
1390008497153138692
1390008322988838916
1390008297663631362
1390008235332030467
1390008154289696771
1390008125055541257
1390008041517486087
1390007961179893760
1390007805050978307
1389950138198548482
1390007780493467657
1390007421951741958
1390007443199905794
1389568321486458881
1389753619700981761
1390007191315304453
1390006857897480192
1390002857613709313
1390006515629764611
1390006457265963008
1390006179187810310
1390006103048658948
1390005910836236292
1390005827172454413
1390005667805683713
1390005361898364928
1390005252078936067
1390004631103803398
1390004607796060161
1390004555010695168
1390004433375961092
1390004323476705283
1390003868797394944
1390003840087429123
1390003784257052676
1389928470692630530
1390003768515760131
1389656243636252686
1390003586080333828
1390003445067919360
1390003433936244746
1390003360430972933
1390002954074083329
1390002783496155139
1390002556328415232
1390002443686195207
1390001673075056640
1390001261165129728
1390001118814642177
1390001039944859662
1390000844398120965
1390000535579897862
1390000322924400654
1390000288489222148
1389688632013950978
1389652396389851148
1389965538303021059
1389739510397865986
1390000252854341632
1389966267885527040
1390000251067588615
1390000186915688454
1389999942178123779
1389999853770612739
1389582016631517188
1389954952311808000
1389941400800833541
1389952130992193538
1389667375595859970
1389999797290033159
1389574179373129732
1389582936375234561
1389653846872449026
1389999762175373312
1389999650434867200
1389999416501809152
1389999341620842496
1389999236926910467
1389999229121220616
1389998704631894019
1389998233259237382
1389999152512253952
1389999036149682181
1389998908810711042
1389998863637913601
1389998525983899650
1389998416021921797
1389998352306167812
1389998288649195526
1389998275756007431
1389998257825267712
1389997681876033544
1389997595905380372
1389692167791300618
1389997574627553284
1389997207148015618
1389996912493932555
1389996333445099520
1389996265971269636
1389618949206290434
1389996064456024064
1389995637299613698
1389995884935516161
1389995651690373124
1389995535105499139
1389995053657985024
1389994767363285003
1389994194450718729
1389994087529467909
1389993883036176386
1389993880372842496
1389993314611511299
1389993101821939712
1389992981449617409
1389992814981918722
1389992617295892482
1389992500396498947
1389992292384129025
1389992268673789954
1389678660148285440
1389992124062609411
1389992034597883907
1389992033834635280
1389535277442494464
1389992000926142466
1389991818339753989
1389991721132457988
1389991425316724737
1389991309671292931
1389991097527635975
1389991068163268614
1389990779297443841
1389990744379871233
1389990704361922574
1389990701421809665
1389990552767135744
1389990507833614337
1389990293005549572
1389990201297100800
1389989905103822849
1389989596755341320
1389989616447631364
1389989609833172992
1389989539632934912
1389989300528422915
1389719936034086916
1389988791335718917
1389602355197489154
1389652167817146374
1389988715578236934
1389591933908094979
1389988715100057606
1389769040512552966
1389988653540286470
1389988521138606083
1389988503426064389
1389988408685174784
1389988365135663106
1389988302883721217
1389625911369109504
1389988268712861697
1389988267257442308
1389988260110344192
1389988249976909826
1389988041192783872
1389988017151127553
1389987888050360321
1389611505910431746
1389987863224360965
1389987752519905284
1389987091044462592
1389987029686099971
1389987000288104452
1389986969300656133
1389986892943396864
1389986889596289027
1389986881744560133
1389986853927915525
1389986769698009091
1389986621756411907
1389639145723736069
1389986054489395202
1389632100786135044
1389986003671207939
1389985631502176257
1389985609519931393
1389985503731228675
1389985477978066944
1389985211430187011
1389985208695459841
1389985100360650753
1389984779702054917
1389984749951856641
1389984108395302924
1389984066590609410
1389984025897545738
1389983693725437955
1389983629502263301
1389654871360610308
1389983553476251648
1389983293911838725
1389983003137298433
1389982929095471104
1389982735104622594
1389461900954640387
1389846749402050564
1389451533490737153
1389982696135446535
1389908610461929473
1389464644478189571
1389450837357961218
1389464963002126337
1389866016134639618
1389827105546977280
1389451277550166017
1389982602870853637
1389982218865553415
1389982217846366216
1389981905408466961
1389981703259688962
1389981554013839364
1389980968447057924
1389980832182439938
1389980772480819201
1389980737491906562
1389980724682534912
1389618331968213002
1389754221831016449
1389980583871369218
1389980505756610561
1389980417801916423
1389980311606464512
1389980201623461889
1389980112389611526
1389980059688075273
1389979997004345345
1389979865097637890
1389979784822902791
1389979620896825344
1389979069958262795
1389978962936438784
1389978948818243586
1389978912768282625
1389978903687618563
1389978903608020994
1389978268036653061
1389978222054580224
1389978119591895043
1389619857872887809
1389619157130485764
1389978074616324097
1389977959658934273
1389977871599476740
1389977509488439297
1389977498717507584
1389977398804951044
1389977316751708168
1389977315002695684
1389977160216158210
1389977074610343946
1389976980066611201
1389976973603180546
1389976820242685952
1389677596733018112
1389677853743198216
1389677725020004352
1389646763922018304
1389677395075010560
1389647409458913282
1389720927085150212
1389646871996604427
1389677673585201154
1389644248656515075
1389677800022544386
1389677438519681027
1389677558841626624
1389976653460393988
1389647094026280971
1389646689934495750
1389721341406982145
1389677467418382341
1389646979966423043
1389915112753057792
1389975548617703429
1389677525668966405
1389929052455280642
1389647318522138635
1389643520760336394
1389677496505876483
1389976570069192704
1389976536321822722
1389976462615359490
1389976400774549509
1389976335955734528
1389976155025969155
1389975767191281668
1389974141219004419
1389976078714908674
1389975990638628870
1389975690674642945
1389975003857186829
1389974847128752128
1389974418277888005
1389672520308203522
1389582071216156678
1389974127134576642
1389974102589513732
1389973929184436231
1389973921194196996
1389973844841091076
1389973823739600901
1389973689253474305
1389973581053022211
1389973550765953024
1389973309488500737
1389973273421701120
1389973210393886726
1389973206535217162
1389973175941873665
1389973169730097161
1389972907590356996
1389972346656595971
1389972302926913536
1389972035531587588
1389972012609818625
1389528109196713992
1389971737769611265
1389971431153340419
1389971363553763334
1389971345585459201
1389971156980178946
1389971125409615872
1389971049400344582
1389970951991873541
1389970737901957122
1389970717832265729
1389970619408728066
1389970578908631044
1389970431159984129
1389970091282939905
1389970060308008983
1389969957388234755
1389969870297653252
1389969577296138246
1389968739920191489
1389968639982546949
1389968605371043841
1389968542817259521
1389968508704804867
1389968281054896130
1389968226675724291
1389968186490114052
1389967839679848451
1389967790455537664
1389967726005952513
1389967507981750274
1389967234894807043
1389967211159343108
1389967144499224576
1389960658477846531
1389967073552502787
1389967048042848261
1389521768541564929
1389966957215113222
1389966954363039747
1389966455840575492
1389841292071419906
1389907459016364035
1389966439839408128
1389966377306542083
1389966156644106243
1389965902494437376
1389965791228010498
1389965760483713025
1389965315849732101
1389965316973858818
1389965134077042692
1389964662305959938
1389964524116135939
1389963991259226115
1389963900079071236
1389963556209184775
1389963414156419073
1389963396116893700
1389963259533570049
1389963223068250114
1389963114486059011
1389963042541215744
1389962999360675843
1389962766484652034
1389962665829683200
1389962586976833536
1389962386321387522
1389962294361300995
1389962018409512963
1389502536252641283
1389961902130933762
1389961856354177035
1389961834917208074
1389961626204491785
1389961362038673408
1389960592727871489
1389960544933847047
1389960515040989185
1389960039260114951
1389959878723112961
1389959833055547394
1389959186717499395
1389959156417839104
1389959027786870789
1389958958429970435
1389958773142347782
1389958772882300928
1389958632163454979
1389602496595775496
1389958589171650563
1389958575162789894
1389958531013435402
1389958510251757572
1389958486499463173
1389958480136638464
1389958351384162308
1389958075524726789
1389958063025762311
1389957979542335490
1389957935875469312
1389957923124752388
1389957885791199236
1389957869601234948
1389957624339255307
1389957439181688832
1389957227562287106
1389957030941794308
1389957009924055040
1389956887752364033
1389956456972161028
1389956327326330882
1389956258480934920
1389956202327576585
1389956034920341507
1389955534141497350
1389955922189963268
1389955908978061313
1389955855936888833
1389955828497715206
1389955738424971264
1389951512093282305
1389955728975310848
1389955697572388864
1389955647991689224
1389955561916096517
1389955239780945921
1389955024873263120
1389954998964994054
1389954880698208257
1389909776864268290
1389552373182443521
1389954576632238080
1389515025761587208
1389954122338668545
1389678817015382019
1389954072439103493
1389954067842088960
1389751095770157058
1389954026188513288
1389953931334373380
1389953739377704962
1389953609463341061
1389953361047392256
1389953015336116227
1389952960621330433
1389675769849421824
1389952912508571648
1389952909157322754
1389588921030430724
1389952709218942976
1389952247665209350
1389906671753904131
1389952053112418306
1389951911529418753
1389951709720502280
1389951410939256837
1389951278680260614
1389951086233104384
1389950905009664000
1389950850496356354
1389950849137401857
1389950621642641419
1389950553275387909
1389950524947062787
1389950511412088832
1389950486581706754
1389594539069829120
1389577962681372682
1389579611437207554
1389939849021456387
1389575984970489865
1389950173296553993
1389938287565934596
1389949484910714886
1389949113907781634
1389948775314206724
1389948204112924681
1389948025943076872
1389947826067619845
1389947530365083653
1389947399662149634
1389947340350447619
1389947330686853121
1389946976867921922
1389946801827061766
1389946630464544773
1389946603595763715
1389946507558785029
1389946425010753539
1389531881373323264
1389621343700889603
1389946400331472898
1389946345482452992
1389946205141143556
1389946154796916736
1389946069866397697
1389945990971629578
1389945801120444418
1389945774679760900
1389945529078059009
1389945286492004352
1389945271459721222
1389945271300370434
1389945267290529794
1389607964961554437
1389945251830374403
1389945174709706757
1389945000486649866
1389944973567696902
1389944887643189248
1389944801961906179
1389944777832022016
1389944463825555457
1389944379868073986
1389944271743094789
1389944047532392459
1389944031480852482
1389943934789427202
1389539212396056577
1389858816184000513
1389943660423303172
1389546584887726085
1389943602567131139
1389943507339644929
1389943485428498433
1389943349382205445
1389943270453792775
1389943254473396226
1389943209497858048
1389943202921295873
1389943185741389827
1389943133681721345
1389943010146783236
1389766844798672901
1389942968929378307
1389942896640544770
1389942591123304451
1389942590368206851
1389942020043649029
1389941809627942913
1389941705210728451
1389941592862101505
1389921667611340800
1389941419310075904
1389941335239663617
1389940316011106307
1389580639532376069
1389940275670290439
1389940266065436673
1389939927673151493
1389939590312697860
1389939584105164805
1389696343153643522
1389914098259972103
1389550974277242884
1389593614620180482
1389560457304936450
1389939430820044803
1389893691930726412
1389533656071512066
1389538392048873477
1389939258182574085
1389939085469487106
1389939068688113665
1389728456473300999
1389938739875561472
1389938721638780932
1389938706652467203
1389938438531690497
1389938432617615366
1389938206284599297
1389938162001190918
1389937877040078859
1389937803719364612
1389937499888361475
1389937446276710400
1389937051831832581
1389936984232271879
1389936959875858432
1389936397105209344
1389935898490548228
1389935771797315596
1389935728558317573
1389935507929550855
1389935447632236547
1389935439801462789
1389935434361364480
1389935412710346757
1389935100293533700
1389934978331418624
1389934688295260162
1389695135823417344
1389934478332678144
1389934133720276996
1389934024542543872
1389933914110767106
1389933894103969793
1389933556768645121
1389933535604219904
1389933359804010497
1389933093977419777
1389929184613519360
1389933035760521217
1389929389253697543
1389932995906215939
1389876132850413577
1389550275162214400
1389932910434603010
1389932863156637697
1389932697108287499
1389932613616340993
1389932568011759620
1389932414202417158
1389932368316751875
1389932198749425664
1389932141958533122
1389931822172233731
1389588765371506688
1389539829831118849
1389585519194087431
1389607242584973319
1389931701208559619
1389607786787622921
1389931330247475204
1389744753130999809
1389651572293095426
1389931251839164417
1389931213570387970
1389931185816674304
1389930809545699330
1389930445383548931
1389552757187743746
1389930434902085632
1389930403964887041
1389930272460738561
1389929829731082241
1389929769660256260
1389929707735506945
1389493987317370882
1389929466877599746
1389929425609936902
1389929405426946052
1389929254075334657
1389929207011188736
1389922498913849349
1389928953473900549
1389928275309481986
1389928251125030913
1389928186289573890
1389928113765769217
1389928104315998212
1389928083893927939
1389928042106167298
1389928026767609858
1389928011240194049
1389565622829338629
1389565533327175682
1389927967011262464
1389927960635924493
1389927874904395776
1389927863546224640
1389544960026894340
1389756846345494533
1389927241455386636
1389926853847179267
1389926720170602497
1389926679183769605
1389926633272979457
1389926160096710656
1389926075036311555
1389587574096896000
1389925359609696260
1389925119246622724
1389924738244481026
1389924726898925572
1389924529992986624
1389924209430720516
1389924278875955208
1389924229378887680
1389703969522413568
1389924109857996802
1389923769892884480
1389923594889801732
1389923434352844802
1389923430896652291
1389923378581082116
1389922576336629764
1389922556656984064
1389922388037484546
1389922356655792128
1389922101130313731
1389555024506892289
1389683134229356545
1389922082977247233
1389921860494585863
1389921367936614402
1389921319354085382
1389920822165389314
1389791356634157057
1389634026240106498
1389909501986361345
1389920635921608710
1389920336326676490
1389920311181774848
1389920209432039433
1389919997053620225
1389549915785859075
1389919849707618304
1389919758011801603
1389919438288326657
1389918439469289475
1389918438148083713
1389918169737879556
1389917775414628359
1389917556283162627
1389917550356664322
1389538687998992389
1389479798649540608
1389917203223433218
1389916910251347972
1389916687915491334
1389916643518787593
1389916609725276161
1389650293659475968
1389598207089512454
1389916539072258052
1389916516058025991
1389916509770813443
1389916328149061637
1389916201791365120
1389916169319161857
1389725766456315905
1389915806973272066
1389915772412170241
1389915765961285633
1389915445914918912
1389914944330555392
1389914908179976198
1389914636313636865
1389914429219823619
1389914171945463810
1389913414928113664
1389913761020997633
1389913288402685954
1389913227866394624
1389913042423537671
1389910769240788992
1389913023494729731
1389700602360475649
1389910532749205506
1389912890816217089
1389912766031486981
1389912742665068545
1389911915422490629
1389911673461424129
1389911622559338499
1389911470205509639
1389911382171193347
1389911029543575553
1389910800307920902
1389547615407247363
1389910778749333507
1389910775637192706
1389909271714861061
1389909244481261571
1389908311223451650
1389908147788161024
1389908083858710529
1389906147482775552
1389905883845513216
1389904932795473922
1389904890546331649
1389904414631149570
1389903927638953986
1389892084476399621
1389903266834751489
1389519715538767878
1389903186987716609
1389903121346973702
1389902959371333634
1389902533427085312
1389902505010769921
1389898638357319683
1389902047659630597
1389901891845378048
1389901688266448897
1389901494669938694
1389900910487293952
1389900757038678017
1389900647349248002
1389900513005740033
1389544201768120320
1389497534964449282
1389900510568714245
1389659650535038979
1389495526018588676
1389900297200443394
1389880055170543617
1389900202442739713
1389899864474009602
1389899265422594050
1389899777463160833
1389899364974403590
1389898487148466178
1389898043189874693
1389897973195108355
1389897973069406210
1389897972960346115
1389535374385373189
1389746016321212416
1389624065212698628
1389746522900860929
1389754075017797637
1389897762364293124
1389897663219437572
1389896222178254855
1389895425721733120
1389895181940535296
1389894160929460229
1389893701321756674
1389893181555232768
1389892186892869635
1389566766980997120
1389891390167977986
1389891146646704129
1389581424185905159
1389891141600907268
1389582827260301313
1389889146659893249
1389888921027465221
1389888793742913536
1389888199946690566
1389888195966472193
1389888083328446466
1389888042022932485
1389887993251602432
1389886989667913728
1389886837557284869
1389777858277613570
1389886492638580738
1389886337717657604
1389885230136320000
1389885133793251332
1389558622535962633
1389557032508874753
1389884854247075840
1389883874038091778
1389883709042483204
1389882971155537920
1389880889564409858
1389880494574260226
1389879714916061186
1389878923773849600
1389510999145947138
1389878606390874112
1389845443228602369
1389873947739664384
1389873665530114051
1389872708264005638
1389871567384031232
1389870321453477889
1389869884054638592
1389868409274445825
1389867986782203905
1389867519050227714
1389867482392023040
1389516417033191425
1389759005124349957
1389867472493424643
1389564036325552130
1389562223216013312
1389865196890607618
1389505698380361732
1389865132340260864
1389865014153170944
1389703256901890051
1389864298873331712
1389863559853707264
1389862457418584064
1389766853870985218
1389861910338809866
1389553714587918337
1389861448424337410
1389860431003406340
1389859403763957760
1389859178559197185
1389858604770119684
1389858538604933121
1389858485765038082
1389857538380795906
1389857302140882947
1389857159501041665
1389854873441775620
1389854478912868354
1389853971091791873
1389852429857009668
1389852166089760770
1389851628031729664
1389508747266076676
1389850803414896642
1389836966703808512
1389495731522842625
1389849131716386818
1389510466846724096
1389505672149090309
1389848879089299456
1389848421926772741
1389847562165891073
1389846848840605698
1389846446216826880
1389846414994386949
1389625059350822916
1389825433714180099
1389846340503543810
1389845976618344453
1389845923942080512
1389845163258781699
1389843981379452928
1389843901251469313
1389842040293404672
1389841653524013058
1389840137929039877
1389839287877836803
1389837503356678146
1389837269138251778
1389836828077957120
1389836124709851139
1389835700175048705
1389836128086368256
1389835984548868096
1389834772336185344
1389834480232407044
1389834218683961348
1389833984436211713
1389831432609140736
1389829730162065412
1389828952437440514
1389829318042210304
1389828806714839043
1389829192213274624
1389828890248503299
1389828673730224129
1389827960002187271
1389827536767574016
1389826633490702336
1389825738245824514
1389825716607492098
1389825550848610307
1389824674742382592
1389822856473755648
1389822721127763969
1389822572422959104
1389822369435422720
1389821622199201792
1389820723653451777
1389820643185762305
1389820458770567170
1389819060481839107
1389788291155759108
1389818822757175297
1389818810463670277
1389818370212651013
1389817871858032641
1389817688185245699
1389817183107272705
1389814516846891011
1389814043662114817
1389812954812620802
1389812668144439297
1389812210218770437
1389811336222232580
1389811179984498688
1389810950484774912
1389810674814095361
1389810540554428416
1389807996079837185
1389807343202828292
1389807162701062145
1389805933094711297
1389804627529502723
1389803569835126784
1389803502055174144
1389803378247622656
1389765316885028873
1389802623361036290
1389800217692758019
1389800093415526402
1389799814590775298
1389799446989377536
1389799421878042628
1389799113378566147
1389799064426930178
1389797886045704192
1389797133100875784
1389796434308911106
1389786956268138499
1389796072139091973
1389795891792334848
1389795870271541248
1389795586807930880
1389616294073339906
1389794964683595777
1389610742408699904
1389794785158828032
1389794360825290758
1389788722296758272
1389794073985392644
1389793675585236999
1389793167399063556
1389792801303367680
1389792514266308614
1389792302244278276
1389792261110747136
1389791638822821889
1389791113461047298
1389790150553636866
1389789549476278279
1389789002979450885
1389788935430279170
1389788804739895296
1389788437771849737
1389788432814256128
1389785463842648065
1389787407109693447
1389787275047755788
1389787000782344192
1389786597294362624
1389786493904904201
1389786269706641410
1389786196369416193
1389786053712744448
1389785712288051202
1389785469760643073
1389785051596922880
1389784835774992384
1389440703235829761
1389435206201970689
1389784003352334337
1389783575550042116
1389720945401622530
1389783286004817921
1389783162042023937
1389782053101654019
1389783043112636417
1389783002201219073
1389782794834874370
1389782680661864450
1389782353006977026
1389782301530337281
1389780950717026307
1389780852037455876
1389779804648509443
1389779748595937281
1389779523705704452
1389512803065769984
1389779406130982914
1389778784140808193
1389778724854239232
1389777336619393036
1389778603374792706
1389777931912695809
1389777026647789570
1389751688916094977
1389776938479333376
1389776417236340739
1389775596285222915
1389775138556624896
1389774964119703555
1389774879147315201
1389774590889582593
1389774583100813314
1389773781992890371
1389773502232899584
1389773174590611456
1389771991922659328
1389769787681689606
1389770882596413443
1389769668014059522
1389771241112981505
1389770969716305922
1389770009832984576
1389771437825794050
1389771982250643456
1389771687768567809
1389770119836995584
1389616449820545030
1389770458531258368
1389771745872302094
1389771537847394307
1389771261417504768
1389771382012190722
1389770921326653440
1389769207009644549
1389769074838757380
1389768675394211841
1389768349526200325
1389767834402705409
1389767687459545091
1389767344319340551
1389767188194762752
1389766939237654528
1389673216424153089
1389731658417512449
1389766852524617731
1389766779422003204
1389766447149330432
1389766414660038659
1389747195956527106
1389766307470532608
1389766085671636992
1389765929626701827
1389765887775883269
1389765334954090505
1389765038316167172
1389765035585646598
1389764825992077316
1389764440413908992
1389764340291497987
1389764112977117184
1389763869019721733
1389763696440844289
1389763654426431491
1389763464533614592
1389763450197393409
1389763050538930181
1389763026425942017
1389762427693244416
1389762377176948741
1389624802571210761
1389762272889917444
1389762058682605573
1389762020606717954
1389760308399513602
1389761753366552576
1389760708892573699
1389760143169134594
1389759916974518275
1389759342035996680
1389759316417261569
1389759154018045954
1389758958487887881
1389680588450316290
1389704759112765440
1389758831668903938
1389758723703377920
1389758689427476488
1389758527024074761
1389758248232923136
1389758202766573583
1389758125960478722
1389758044075081735
1389757991319126018
1389648520848625665
1389757673382555652
1389757618479108096
1389757333593591813
1389757138889760772
1389757064273141763
1389756997516529667
1389756981754347523
1389756952394309634
1389756853345820673
1389756591357009922
1389756490282684422
1389756471815065601
1389756160681693187
1389756037469777923
1389755792102891520
1389755549579767811
1389755449382031364
1389755386723540994
1389755071387340805
1389754744843943938
1389754661918412802
1389754604217307139
1389754593240887296
1389754292609982466
1389573136442593283
1389753962769879049
1389753629972762625
1389753580517744640
1389753566995288066
1389753419854974976
1389753224937234432
1389753212253741058
1389753146357035009
1389752673335922688
1389752886893101056
1389752550388379654
1389752332380950529
1389751824996081664
1389751733128208386
1389751492144336902
1389751478324191234
1389750376912625664
1389751425547345923
1389751235708919808
1389750956481552385
1389750733738758149
1389627170016874496
1389750472190406657
1389750030668603393
1389749208874377217
1389749101688930305
1389749099210149890
1389748803633393664
1389748365685002241
1389748289348808704
1389748273922154500
1389748108557434881
1389747788909629447
1389747308720316419
1389746934454362115
1389746231660982273
1389745949002526723
1389745918707224583
1389740654075469825
1389745871538032640
1389745282934624258
1389744964481916928
1389744917535207427
1389744785498558467
1389744476432699394
1389744386242535428
1389744190364520449
1389743918351360003
1389743783957327877
1389743670820278272
1389743409351512065
1389743306544979969
1389743284289933324
1389742296648896517
1389742251417427968
1389741694472556548
1389741481678807042
1389741308122648582
1389741068673896449
1389740774531768322
1389740403243450372
1389740770505023491
1389739616966615042
1389739808684068868
1389739788299800578
1389739420287488002
1389739324405649408
1389739162136457219
1389738969085235209
1389738779947241475
1389738771688607744
1389738710498004992
1389738703434784773
1389738030332788736
1389737864989118465
1389737366412271618
1389736917776969732
1389736440054038533
1389736294180327426
1389735931310116867
1389735398927183877
1389735037126516739
1389734615619981316
1389734615364014085
1389734411931901957
1389734300115890181
1389734027394002946
1389733679623192576
1389733555799052295
1389733370616107009
1389733318422274049
1389732809326174209
1389732695870160899
1389732647367286791
1389732615704481795
1389732586398834688
1389732584192577536
1389732458539610114
1389732456908136449
1389731772406149125
1389731736041426944
1389731470164516865
1389579569598971907
1389691540105220100
1389731131482910720
1389730209365123074
1389730191757484040
1389730129564389378
1389729833601667076
1389729479480721415
1389615557285142532
1389729323368734720
1389729046309769218
1389729023060807683
1389728804655050760
1389728739706261507
1389728625834872833
1389728391725821955
1389728358615900161
1389727935419060225
1389727727553376261
1389727604870193155
1389727274556088321
1389726819751010305
1389726642231185412
1389726568533032962
1389726544449478656
1389726390493360138
1389726071742996480
1389725428265402369
1389725386251120641
1389725296216068097
1389725235872780288
1389725136237080577
1389725082424053762
1389724742765133824
1389724733818785797
1389724717096054791
1389724305496449030
1389723807397687296
1389723796488298497
1389723702196060160
1389723324243185666
1389723219007967233
1389723077215498243
1389723010161119232
1389722892011716611
1389722764106518528
1389722666660151296
1389722355400855552
1389721880131772421
1389721579161014277
1389721171340447748
1389721148137426947
1389721034992099332
1389720635698556937
1389720365312749568
1389720259226124294
1389720216989573123
1389719943881572357
1389719934721273857
1389538740842938370
1389686493275435011
1389719729716310017
1389719723911286787
1389719482948460545
1389572513110298631
1389719351654236163
1389719294234169352
1389531737013854208
1389719195701719045
1389491596555587587
1389719165062295554
1389719151376310277
1389521946392547328
1389718784286547971
1389718663402561542
1389718660948795393
1389718456455598082
1389718346388627465
1389718342924218377
1389718255602913282
1389718251589021702
1389718127592738816
1389718082092929028
1389717972810452993
1389717938576363525
1389717840559841282
1389717698763005956
1389717560623616000
1389717204560662529
1389716971827208194
1389716874712190987
1389716513603694608
1389716475338973188
1389716302961516554
1389716234304856064
1389716174653431809
1389716176947671041
1389715764899352580
1389715672712814593
1389715503011217411
1389715431892557825
1389581952013975554
1389715403644051459
1389715062181486593
1389715061699084295
1389713110886457351
1389712447053914117
1389712441358045189
1389712390120431620
1389712209454960644
1389712196473552898
1389712160037683200
1389712146058072066
1389712059688960009
1389711945343844352
1389711672059760642
1389711615793246209
1389711262762905600
1389710905026519040
1389710517330235394
1389710458085515271
1389710445364326401
1389710310655807491
1389662338693861384
1389710092107501570
1389709915711811584
1389709727492419589
1389709712980074500
1389709326009384965
1389709060791017472
1389708162446602240
1389708148240441345
1389707638489993217
1389706890611994627
1389706824719507456
1389706752728387592
1389706687028862978
1389706253505503234
1389706178008072194
1389706170856841218
1389705773236641793
1389705402456158217
1389705297539870722
1389705170209189893
1389705164366356481
1389692069585817611
1389704781472706566
1389648470752038912
1389704597141397504
1389704418447265794
1389704161269370880
1389703952879525890
1389703118137430016
1389703681746997251
1389699588056047630
1389703571403329537
1389703543095975939
1389703426515341313
1389702986100842498
1389702941292990468
1389702890000830466
1389702643216490499
1389702422260436993
1389702369911492609
1389702252043018243
1389702145495212032
1389702133558042630
1389579321304571910
1389702132329324552
1389701982689050629
1389701842251231237
1389701749720555521
1389701518450909190
1389701507642101761
1389701432937431043
1389701373852147712
1389701042888220675
1389700659948048386
1389700472500637696
1389700345761308674
1389700252509278211
1389699916193280006
1389699779882627082
1389699638261846017
1389699286389100544
1389699088023703553
1389665761807982596
1389698997577789446
1389698869852782595
1389698636859072513
1389698575899136000
1389698533272408067
1389698485851549705
1389698434253262851
1389698368595705860
1389698321459998725
1389698266443386881
1389698109127774211
1389698103318499328
1389697714653368327
1389697608411648001
1389697156999618561
1389696726739693568
1389696112299282438
1389696092271431681
1389696084499443716
1389695851090649093
1389695788855566338
1389695679379886080
1389695673080057859
1389695669775052800
1389695667195375616
1389695579773706242
1389695471426306051
1389695399150116867
1389695364824014853
1389694838442954753
1389694665981632518
1389694634729873411
1389694619613646848
1389694233985101832
1389694199512158216
1389693880032022530
1389693537927696385
1389693537298620419
1389693396726554626
1389692333231198211
1389691774856224768
1389691673853186055
1389691661987590144
1389691598003396608
1389691356436701188
1389691182247198727
1389691097157443584
1389690618901929991
1389690609787617282
1389690223978860551
1389690115027607559
1389690074699272199
1389689997062717442
1389689740442710017
1389689392051204100
1389689309318598656
1389688927016169486
1389688851254423555
1389688805700083718
1389688737811009538
1389688722560622593
1389688652482162693
1389688626351538180
1389688453491838981
1389688286659104773
1389608263558303744
1389687759430955009
1389687581147860996
1389687270274478088
1389687252293505026
1389687129047961606
1389682107035889673
1389681180451213314
1389687114736996354
1389686964329189377
1389686894317953037
1389686837707350017
1389638132585271296
1389686648577871873
1389686522513969152
1389616828478070790
1389686274508742656
1389685712526708738
1389685591973978115
1389685521748746242
1389685515537027079
1389685101127155712
1389685025478791168
1389684790023053314
1389684770611867652
1389684657441189890
1389684452058615812
1389684196042489856
1389683954299592705
1389683664909479940
1389683370448199684
1389682785456033792
1389683172527517705
1389683087479541765
1389683003195072516
1389682992336015363
1389682875138822145
1389682702098604034
1389682675703848962
1389682493909991426
1389682473165012998
1389682429917544450
1389682226875543555
1389682107988025349
1389681779955707904
1389681666856259591
1389681657922326530
1389681620148391936
1389681255516680194
1389681215930834949
1389680858722758664
1389680803496402946
1389680675985543168
1389680532531949571
1389680444094943240
1389680419268878340
1389680382350700551
1389680105186742272
1389679903352705024
1389679895253590016
1389679103331217413
1389679040206884865
1389678795460943875
1389625874622734339
1389678718839259139
1389678555852853257
1389678224158953473
1389677939114094595
1389677869589311491
1389648038960979971
1389667733936222212
1389520872961150977
1389654022152507397
1389493220032270338
1389450922271649792
1389528250980896768
1389677564331966473
1389665331426234368
1389646797937823747
1389669468700282883
1389677562683613186
1389677506047926274
1389677383108775937
1389677313013526528
1389677283728924673
1389676886783975425
1389676862377496587
1389676608211099650
1389676599449169920
1389676435535716359
1389675804754210816
1389675685447409667
1389675453762396163
1389675409852309504
1389675361995272192
1389675228255735808
1389675202095718401
1389675109091315713
1389674494252437507
1389674485620559879
1389674438438932482
1389674243080790017
1389674213498408968
1389674058946646025
1389674055670931466
1389672585747734529
1389673328030457858
1389631629711355908
1389674020434546694
1389632246328475649
1389673993079197697
1389673802834104338
1389673757879508993
1389673707149332488
1389673664476499971
1389673436226654209
1389673522440646661
1389673479256035336
1389672689296683009
1389672576864112644
1389672440423387150
1389672173724372992
1389672128098746368
1389671832773697548
1389671780286095362
1389671762477162504
1389671495526494218
1389671471866318854
1389671357970063369
1389671328739889152
1389671292002000896
1389671105024208899
1389671025651208194
1389670402222436359
1389670387294908419
1389570923875995657
1389573306127458304
1389670353807581190
1389670278851178502
1389670119723442177
1389669916765216768
1389669846208688136
1389669836494721025
1389669823798411264
1389669685965250569
1389669237157888000
1389668659703033858
1389668544422502405
1389668467159142400
1389668262997278724
1389668193371922432
1389667971916869644
1389667897811812353
1389667652533108738
1389667075715633155
1389667030589009923
1389666864326975492
1389666731359096842
1389666597510389761
1389665579322257420
1389665420076994560
1389665061325705226
1389664982619496448
1389664885110312960
1389664882195324930
1389664804118437898
1389664319709777921
1389664113031319571
1389663985860030470
1389663713628725260
1389663676706209797
1389663669768708098
1389662988790026245
1389662960348536840
1389662611495690240
1389662506017296394
1389662122716585986
1389662106803449861
1389662038935236610
1389662015023632395
1389661992198320128
1389661831174758405
1389661632805081092
1389661267393237001
1389648138374369282
1389660989067563014
1389649677235130371
1389660951708897282
1389660730798923777
1389660632308408323
1389660519594856451
1389660469107986432
1389660035370950657
1389659978005364742
1389659866579472384
1389659689428869123
1389659686065037315
1389659637050445824
1389659596558635015
1389623160409100288
1389654691601133576
1389659581408755717
1389659476647612424
1389659452345749505
1389659424822792198
1389658851801194504
1389658565556776966
1389658809015181319
1389658616349794304
1389658519696252932
1389658301835665409
1389657991851425792
1389657431567835137
1389657310872571904
1389657190068199425
1389657115799793672
1389656627347853314
1389656600214900740
1389656426977574914
1389656425018843144
1389656377832976393
1389656376671150082
1389656375932948480
1389656300225798153
1389656169476726786
1389656133812502533
1389656120965226498
1389656060517101571
1389655832376266753
1389655705473404933
1389655413080174601
1389655189657899018
1389641433326493698
1389655181797863429
1389655155289870343
1389655124834979852
1389655091389599750
1389654858807005184
1389654699251486725
1389654604170899462
1389654323257282564
1389654162812674055
1389653909820645383
1389653776848625668
1389653763791720451
1389639343485202434
1389653669050785796
1389653603737030660
1389653598166978562
1389653593448488974
1389653464620445699
1389653442600255491
1389653270038073344
1389653188417105923
1389653103239106568
1389652882744659974
1389564530821304321
1389652784526540801
1389652735436283905
1389652564451471366
1389652489771929609
1389652412395315201
1389652182375436288
1389652029925171210
1389646258072076288
1389651943216357385
1389651751024873473
1389651683148455946
1389651650844020743
1389651588810215431
1389651430491963395
1389650706018312192
1389650554536615936
1389650254765584385
1389650151258542086
1389649960455577600
1389649910828515333
1389649789952958464
1389649534222053383
1389649228578885640
1389648716613787650
1389648635382702084
1389648627241476101
1389648541098860546
1389648540041887748
1389648539832160260
1389648513978486785
1389648390632452096
1389648247367553032
1389648184016769034
1389648116748591113
1389648108024483846
1389648106183036933
1389648000499265541
1389647835428237317
1389647532180058124
1389647275081838597
1389647243293114370
1389647077152595970
1389647042381860872
1389646975071662082
1389646958713872396
1389646930721091598
1389646750693175300
1389646409415237635
1389646367438647297
1389646328423194633
1389593332846931972
1389645946003279880
1389645896913235968
1389645886095912963
1389645752096497669
1389645543282970627
1389645499469377544
1389645489323270151
1389645478866915328
1389645310138503181
1389616788523073539
1389645292249796611
1389616421995417606
1389643527852806150
1389645113534689285
1389644945770831876
1389644824354172930
1389644769715015687
1389644747493543936
1389644196479479813
1389643914630635528
1389643905352704001
1389643851246325763
1389643673818656768
1389643244900954112
1389642785482067971
1389642613490294785
1389641972365860869
1389641533683601413
1389641132569673734
1389641077787869186
1389640994526728208
1389640922170904579
1389640751601131525
1389640695971987456
1389640021246889986
1389639977043169280
1389639934210891781
1389639774776999936
1389639738705993729
1389639291702284289
1389639221883850754
1389639197112295430
1389639185011724294
1389638897928482818
1389638613659435018
1389638467131432964
1389638455576104962
1389638314773319685
1389638135148056581
1389638063354269697
1389637891870101508
1389637658054467586
1389637434523140098
1389623896924696576
1389621992878395397
1389637418798698500
1389637412289236994
1389637378059472904
1389637311625928706
1389637266222559239
1389637186035781633
1389637177596948482
1389636846557204484
1389636540964478979
1389636468784648202
1389636352770183177
1389636121085321216
1389585710634647556
1389635737541300228
1389635623993106433
1389635605705883649
1389635236586209287
1389635155946508295
1389634981526310914
1389634688352980998
1389634435218354180
1389634374610657281
1389634349956435968
1389634203814227969
1389633843850715136
1389633747687940097
1389633701580050432
1389633649008644103
1389633534101442560
1389633513897484298
1389633509296418816
1389633433442213890
1389633420784029701
1389633168257523713
1389632919313002501
1389632346991824897
1389632224925032449
1389631888420216838
1389631874570522625
1389631447380733957
1389631343399739395
1389631311300767746
1389631259329142786
1389631257584230400
1389631228114923525
1389630901944979458
1389630648055386113
1389630560897744899
1389630314000101377
1389630155656634370
1389629962953576448
1389529546492416000
1389629958897774595
1389629774432194562
1389629675484303363
1389629407778721796
1389629156950949890
1389598497750409221
1389629102634659845
1389629077045264389
1389628986393874433
1389628487594618889
1389628417759395843
1389628273743695873
1389627758809059338
1389627741058871296
1389627595575242755
1389627435939991552
1389627296018014209
1389627208097058833
1389627019001016321
1389626780345151488
1389626550396637187
1389626475507163137
1389626393386946561
1389626368141537287
1389626285769515012
1389626147844014090
1389625983406428161
1389625930436468746
1389625772164501509
1389625747720003587
1389625653230723085
1389625638726914052
1389625380294860802
1389624855977398277
1389624290862014471
1389624269114535937
1389624174776393731
1389623824669237255
1389623765957496833
1389623749754990592
1389623612693487620
1389620844238938118
1389623279816691713
1389622356109365252
1389622288182648838
1389622250563940360
1389621711943999492
1389621066411085824
1389620895107280900
1389620778585542662
1389620665859334148
1389620560322338820
1389620465816293379
1389620412695433217
1389620219015049227
1389620149091807233
1389599514449809410
1389620116531384322
1389619901791358979
1389619318338502659
1389619259064692746
1389552929972031490
1389619241301774337
1389619221278167041
1389619206644248580
1389619104361897984
1389618990624907264
1389618842662576128
1389618505436311559
1389618365967347712
1389618321788739590
1389617876269735942
1389617851393351680
1389617657230495749
1389617530789109762
1389617339818201100
1389617297556480017
1389617017016274951
1389616869179527169
1389616819800055808
1389616374977376262
1389616411643887626
1389615836487356419
1389615697437806592
1389615680585150465
1389615508660445187
1389615456097427462
1389615433586728961
1389611903354351616
1389611164913520643
1389599001322864646
1389615232058904581
1389615092610777093
1389614988424253443
1389614784480301057
1389614772493197312
1389614650237591554
1389614609124925442
1389614583288041477
1389614564522831879
1389614483350425609
1389614476085891074
1389614433975083009
1389614286738272256
1389614214478798861
1389613943769894913
1389613695169294337
1389613580509659143
1389613532229025796
1389613481473847301
1389613193262247939
1389612936042323970
1389612826415796230
1389612783419936769
1389612397472718854
1389565921254072320
1389612379026120704
1389608872999063556
1389612354179059712
1389608956901961729
1389612247908069394
1389612141536333832
1389612107516190722
1389612106211790854
1389612048309526532
1389611904360796167
1389611867845312513
1389611654661300225
1389611561371766790
1389611513766363146
1389611409844183042
1389611377380241408
1389611162673860611
1389611061494624262
1389611034164465670
1389611027927547905
1389611017332838406
1389610861195632641
1389576435493482499
1389610817159577600
1389610774360858628
1389610148516306946
1389610116698284035
1389609945700634629
1389609841304477702
1389609650887168005
1389609575389745156
1389609444317749254
1389609186284249089
1389609031241699338
1389608999084040198
1389608961335336964
1389608650319273990
1389608386233200643
1389608314678530052
1389608236899344387
1389608143370522626
1389607901086593024
1389607535359954946
1389607495975555073
1389607463280910341
1389607133080084482
1389606881983967233
1389606718959665153
1389606653981384705
1389606620737556484
1389606613112209418
1389606369993560071
1389606362657738760
1389606359948136448
1389606135989252096
1389606050580598784
1389605912080490503
1389605881453625345
1389605759453831172
1389605247438499844
1389604776254611458
1389604701713338372
1389604644633161732
1389604008982040576
1389603277357125632
1389603180389011457
1389603179495665670
1389603009022201859
1389603005901811719
1389602971164585985
1389602894593265665
1389602799038705667
1389602709343506436
1389602677328424966
1389602504095281154
1389602407802343424
1389599789118107650
1389602362965250049
1389599164972085253
1389602005971316747
1389601980482560000
1389601960425410567
1389601945426481157
1389601540718186499
1389601287394713603
1389601178070224906
1389601112999833607
1389601021480083456
1389600774842372101
1389600499343691778
1389600477634043905
1389600431052099585
1389600428145397762
1389600389159440386
1389600349275627530
1389600300160491524
1389600239108169732
1389600099823755265
1389599652270456836
1389599356702056452
1389599329405517824
1389599168180654087
1389599085133504514
1389598632605888515
1389598434991165440
1389597996342550532
1389597943464857603
1389597813273673730
1389597676241620992
1389597591718047745
1389597451745730560
1389597409546747904
1389597372330741760
1389597191954518018
1389596933958737927
1389596909174657027
1389596849657454597
1389596424317308932
1389596303366127617
1389595903577706503
1389595787475263493
1389594961855713287
1389594491166789634
1389575719647318019
1389575024248594435
1389593820501786626
1389593409141231616
1389593366493544453
1389593362320314371
1389593297165950978
1389593013626851335
1389593005036871681
1389592928314658818
1389590539855609871
1389592792750505988
1389592743270404101
1389592640417566721
1389592432296271877
1389592413426028547
1389592246564102152
1389592144286003201
1389592088216489984
1389591666277900292
1389591501366235136
1389591462954762240
1389591393610383366
1389590645606653954
1389590566569222145
1389590311517802496
1389590177782411266
1389590128063098881
1389589862668455942
1389589739100114948
1389589396173774854
1389588951778922504
1389588898209320961
1389588883860598804
1389588823483551747
1389588769024643092
1389588555119448069
1389588504125054977
1389588328807157764
1389588242421452802
1389588241678995464
1389588136582385664
1389588122032246788
1389587866590715909
1389587277358243846
1389587256973856773
1389587161549246478
1389586929952436227
1389586794228944898
1389586666734690311
1389586257240600588
1389586250026389507
1389586192178585609
1389585739256578055
1389585642330468352
1389585614115418113
1389585421403713539
1389585366873686019
1389585151944970242
1389585111708995592
1389585086396370949
1389584949079052296
1389584648821477382
1389584419879636992
1389584410677325825
1389583869960196099
1389583697779695619
1389583645132804104
1389582949931225088
1389582841294565377
1389582793777242120
1389582536058224643
1389582335436378117
1389582154926108672
1389582049942536195
1389581989091504136
1389581788947832833
1389581782497079300
1389578085499117569
1389581429701500936
1389553488007467009
1389552595048484864
1389581691954552835
1389581604624928769
1389581245529698308
1389581145453572106
1389580824580792326
1389580775855730691
1389580707761168384
1389580697854152710
1389580687456542720
1389580660143181833
1389580524809822210
1389580168713412611
1389579485826125833
1389579289700470792
1389579177968480257
1389579062411251713
1389578850024230912
1389578479314907138
1389578478224355331
1389577847417851919
1389577620707287056
1389577492890017799
1389577145677144071
1389576954131664898
1389576769808764931
1389576765878771722
1389576358737625088
1389576122946445312
1389576082429521922
1389576003614347272
1389575589267271681
1389574084183445505
1389575525962817540
1389575531641851904
1389575534741491717
1389575364482060290
1389575285981519873
1389574781293432832
1389574751086161921
1389574527479332866
1389574364027396101
1389574091783475203
1389574067938897923
1389492112241082369
1389573895301308418
1389573830952226824
1389573593202298883
1389573122559467522
1389573008331792388
1389572920935030790
1389572896675225601
1389572847366983684
1389572472400404483
1389572410958045193
1389572240702951427
1389571704041639940
1389571624588939265
1389571579718381571
1389571016066797569
1389570956042113024
1389570847304781830
1389570824848482305
1389570797379985411
1389570757920010246
1389570516974030862
1389570506198814721
1389570427693973507
1389570205420974080
1389570205416706055
1389570006615212034
1389569716516278282
1389569516129116169
1389569309832318985
1389569253997699079
1389567879922728965
1389567797018120197
1389554452332531716
1389567266963009536
1389567098268041218
1389566806659112960
1389566736840548352
1389566731664826368
1389566617756094465
1389566327258591234
1389566302231138306
1389566228663046147
1389566165723320325
1389565925184114689
1389565920050388997
1389565869945143298
1389565746133487620
1389565739343007744
1389565537420709890
1389565522744954883
1389565502364729347
1389565502150873097
1389565497478422535
1389565483045711875
1389565477337276422
1389564974947782660
1389564901002121220
1389564862100086784
1389564502593650692
1389564355906244608
1389564337472294914
1389564256539004930
1389563136831893510
1389562892698234883
1389562616733909002
1389562444108926985
1389562217046106113
1389561704850280452
1389561528454721539
1389561373147942913
1389561059808321538
1389560091079217152
1389559619161366528
1389559444615438340
1389558952610959363
1389558915306860545
1389558763435216896
1389558529401499654
1389558492835504129
1389558472602267648
1389558453325242371
1389557665358139392
1389556535228043266
1389554909230600201
1389554564710424576
1389554336385097728
1389554129312395268
1389553890702528512
1389554011230113797
1389553900160757768
1389517749123174401
1389553699966660614
1389553351017254914
1389553221438431239
1389553141708902409
1389552911525494784
1389552871356633090
1389474657313730560
1389552369755639810
1389551907467845632
1389551872638337027
1389551785266884613
1389503830769946624
1389498338974879744
1389532706497826818
1389551280805326849
1389550657254920198
1389550530545037313
1389550484621496326
1389550396876673024
1389549616509693956
1389549258337046536
1389549083904385028
1389548877808799745
1389548659071721475
1389548434537992196
1389548034586030081
1389547948174946310
1389547818277392387
1389547634055131138
1389547633975468033
1389547420749553666
1389547126095482883
1389546462560886785
1389546141340078084
1389544676169064451
1389544096323231749
1389534295015006208
1389543319097778180
1389542853676879872
1389543075358285825
1389542921125384194
1389542891316465667
1389542720016846849
1389542404924092423
1389542323869175813
1389542036555157504
1389541172293558300
1389540783712243714
1389540719271030788
1389540455923294216
1389539315643043847
1389539218997776387
1389538833621032960
1389535577586995205
1389528103588859905
1389538463855390723
1389537586448719878
1389537451673329664
1389537320878096386
1389536936176627712
1389536296402440194
1389535895611580424
1389535774249525254
1389535753307234309
1389535709158166529
1389535184907821058
1389534515027132423
1389534423616458752
1389534415244742656
1389533929795952640
1389533766759059469
1389529092739973126
1389533647414439945
1389532468802375683
1389532406034665473
1389532276707545090
1389529707876691971
1389528862250475520
1389528778347532291
1389528521987473408
1389527602692599808
1389526975769980928
1389526756806336513
1389526574387666947
1389526481156587522
1389525792284106753
1389524430053855235
1389523924065660930
1389522953608568834
1389522860700573696
1389522136788783104
1389521765823520769
1389520851188465666
1389464995252084737
1389519531266150404
1389517991591694337
1389517572761133064
1389517367126941701
1389516034873376772
1389515042316603392
1389514838234345475
1389514787252588544
1389513997876187139
1389513913713283072
1389513908889833476
1389496629657579520
1389511622851538945
1389475767474610176
1389510583880282112
1389509800497664004
1389508572631941121
1389508030371409920
1389507655727726592
1389507647347601410
1389506169547411456
1389505037790064642
1389504330844213251
1389504086299398149
1389503898575118336
1389503683180867584
1389503060616089609
1389502739856740353
1389502689491529729
1389502096618266625
1389498946150707200
1389498482164215808
1389498227234328576
1389460085169180672
1389497994442067972
1389497291241705475
1389491599336484867
1389497061092040706
1389496173363355649
1389482852572618753
1389495850003533826
1389495761860120581
1389495761780428803
1389494928330330115
1389493761714098182
1389493725622120452
1389492989995757568
1389492888229273600
1389492399152508931
1389492184970416128
1389490704104177677
1389490018205503490
1389489625304010754
1389489300618743811
1389488737881632770
1389484068371197954
1389482742862204928
1389482718027685889
1389481857201414144
1389481169834717187
1389480876854202368
1389480144251756544
1389477902224437252
1389477106959147008
1389474915527573507
1389460731100209154
1389474754113986561
1389474440187039746
1389473357322665991
1389473997075660801
1389473306944806913
1389470884709212164
1389470776378728449
1389470701166411776
1389470697127354369
1389470161640595458
1389469526937546753
1389468937327452166
1389467941851344897
1389467342770380803
1389467324739211267
1389464691622174720
1389466623329898496
1389465504918777856
1389466583156809729
1389465901280411649
1389465386379354112
1389464814959816710
1389463826198843401
1389462140260651008
1389459768251723780
1389459713792913408
1389459133288620036
1389459011750223872
1389457019766251524
1389456648566099969
1389456504688840704
1389456248098197509
1389456229550940160
1389451277935992832
1389451043201748995
1389449987147378690
1389446360169172992
1389446127825600512
1389445708118437891
1389444793890230272
1389443501545467906
1389443374118178821
1389441729472786439
1389425350506172420
1389441337943015424
1389424215665876998
1389441156619161605
1389441005334646788
1389440550571417603
1389440255204413441
1389440208945381384
1389440197721427971
1389440177093836803
1389440033128648704
1389439872172179458
1389439855080452097
1389439678378651650
1389439365978497024
1389439284785057794
1389439157072797703
1389438659884195842
1389437971523325955
1389436327905611780
1389436139187019776
1389434601286914049
1389434361238495235
1389433401069826052
1389433060932952071
1389432152387895298
1389430567012388872
1389429943529054209
1389429553236529153
1389428930835218432
1389428431281082368
1389428132717809665
1389427846196703233
1389427243433222146
1389427205298610176
1389427187539972096
1389426898116091904
1389426710488158209
1389425582614753282
1389425148923580417
1389424977288564737
1389424906526363648
1389424898074890242
1389424866038738953
1389423843358482434
1389423683421286401
1389423635279011841
1389423317610901505
1389422689627119617
1389422579815956481
